----------------------
:::::::::::::::::::::::::::::::::::::::::::::::::::::::::::::::::::::::::::::::
                                     Date and Time: 2025-02-07T21:24:40.856
:::::::::::::::::::::::::::::::::::::::::::::::::::::::::::::::::::::::::::::::
local boson: T = 0, alpha = 0.1, N_chain = 160, maxdim = 80, cutoff = -12, tau = 0.005, boson_dim = 14, omega_C = 5, jump = 5;
-1.6688368806241487e-10;
0.0003120178050691895;
0.010988440886768808;
0.035080285906857515;
0.06878350333338608;
0.10775889576164434;
0.1482999525392048;
0.1870799769216244;
0.22316115794332317;
0.2556156438969249;
0.2842047379975454;
0.30936731349773255;
0.33120969355085916;
0.3502148806439991;
0.36700130071119064;
0.38177311582906853;
0.3945229763120926;
0.4054522412833572;
0.41478428542151397;
0.42300535306130205;
0.42999122783981963;
0.4367476633388821;
0.44306878807129774;
0.4473312865028789;
0.4526812312449251;
0.4575096660382182;
0.4619928687144336;
0.4665908548607472;
0.4697077956727475;
0.4743294680622446;
0.47793973824267705;
0.4814268761859195;
0.4848180814311295;
0.487651759062713;
0.4894071444524149;
0.4924817900417536;
0.49510232071999644;
0.4977393123852561;
0.500205090218709;
0.5024967461428161;
0.5046774664138036;
0.5068945528551776;
0.5089617215769807;
0.5109324101624351;
0.513087651326706;
0.5151500400845176;
0.5171451183676709;
0.5191053500229379;
0.5205859858890233;
0.5225200464629348;
0.5242353718110482;
0.5261101952529104;
0.5278749971428592;
0.5298262282657806;
0.5319442957234615;
0.5341346649851328;
0.5360487888587743;
0.5378515346489671;
0.539033246506427;
0.5397724029476945;
0.5410713305129312;
0.5426730026518894;
0.5441790604539243;
0.5463702981392409;
0.5479838731691665;
0.5497792200700458;
0.5518424867274176;
0.5537457357587899;
0.5550258883083374;
0.5562874699452944;
0.5573950910087752;
0.5587222449145134;
0.5602661912568893;
0.5607546256265443;
0.5620538857551095;
0.5636443331155764;
0.5646059541053866;
0.5652140743315369;
0.5664547036988014;
0.5675434296439748;
0.5683612251668189;
0.5698914157555308;
0.5709824886924136;
0.5732397868743991;
0.5747433153523038;
0.5763356401646937;
0.5768031442958556;
0.578833101434945;
