----------------------
:::::::::::::::::::::::::::::::::::::::::::::::::::::::::::::::::::::::::::::::
                                     Date and Time: 2025-02-07T21:24:40.866
:::::::::::::::::::::::::::::::::::::::::::::::::::::::::::::::::::::::::::::::
local boson: T = 0, alpha = 0.1, N_chain = 160, maxdim = 80, cutoff = -12, tau = 0.005, boson_dim = 14, omega_C = 5, jump = 5;
4.0250263545689636e-20;
9.74193796305946e-8;
0.16236446827436507;
0.5024155743773777;
0.9410445464976146;
1.3945008760526487;
1.80628889749192;
2.1403209555825544;
2.400967829252114;
2.592592370694705;
2.7298856708493426;
2.8323235326957996;
2.8901547605897093;
2.9424663830713578;
2.966315898841251;
2.9942315908542527;
3.014594030054787;
3.014418542800526;
3.0191328386867986;
3.005343002102162;
2.984966227970446;
2.9648659913164757;
2.9538741600753093;
2.941777032680532;
2.923709729935718;
2.924488037132525;
2.9054076617176423;
2.881387648756043;
2.8753084843373773;
2.8778871477809367;
2.8423974471782505;
2.8343045528743187;
2.85036269095896;
2.8515630859213412;
2.835269229140161;
2.838916669872515;
2.8344101066922285;
2.816535124165256;
2.82632575157726;
2.8106726153950983;
2.7850758801320517;
2.786590438343299;
2.7906025078578933;
2.7718905785480734;
2.7548544196572227;
2.739881619224228;
2.7380258413380956;
2.721378551211581;
2.6791285233810904;
2.686268454170387;
2.6608780994106667;
2.65355934143979;
2.6526162701671296;
2.6420550641351768;
2.634559783078061;
2.632710402258675;
2.624920323409589;
2.6077576549931862;
2.6007166112199327;
2.585300962556696;
2.5705807219755985;
2.5644283826976815;
2.5696997828529966;
2.562220616972027;
2.5521983179933834;
2.540352430881598;
2.5394530477138573;
2.5250539408846855;
2.488769376092738;
2.4819344074315257;
2.4665765271199764;
2.4579431693258664;
2.4576313663342884;
2.451417801816531;
2.4653250390457675;
2.4622680146923894;
2.432245443824402;
2.422011104489077;
2.4304030890978745;
