----------------------
:::::::::::::::::::::::::::::::::::::::::::::::::::::::::::::::::::::::::::::::
                                     Date and Time: 2025-02-11T13:35:45.581
:::::::::::::::::::::::::::::::::::::::::::::::::::::::::::::::::::::::::::::::
tunnel boson: T = 0.1, alpha = 0.75, N_chain = 180, maxdim = 80, cutoff = -11, tau = 0.002, jump = 10, boson_dim = 14, omega = 5;
3.674184411692731e-20;
8.882156347755832e-11;
0.6668659034845279;
2.3082212034471383;
4.641993185942718;
7.316019196107868;
10.00990712315076;
12.492650102942696;
14.635167480693259;
16.39299158177842;
17.778178255666514;
18.833250144920406;
19.61232570244834;
20.169686447208218;
20.552396302748768;
20.805046492484937;
20.958405924344866;
21.03839113328797;
21.064954528730553;
21.051637477500527;
21.01360334738765;
20.956991969933554;
20.888146483681155;
20.811723507052207;
20.730016207052696;
20.64805660928561;
20.565947594265335;
20.484956102433856;
20.404983039804982;
20.328858089005855;
20.255492079387288;
20.18512708422849;
20.11713977914054;
20.05331371895041;
19.992500196165203;
19.934670944682907;
19.87923067871329;
19.827331403891712;
19.778068870416543;
19.73135410641265;
19.686738853297243;
19.6449368096873;
19.605306427154154;
19.56740999695907;
19.531972905926324;
19.498366116417593;
19.466508001535075;
19.436106466402812;
19.40756448615606;
19.380480471752833;
19.35459265895674;
19.33027506867132;
19.30716720057869;
19.285207818070685;
19.26423260511733;
19.244424251396108;
19.22556600330062;
19.207520845002016;
19.190444678714037;
19.17415423152138;
19.15860938156912;
19.1437264889473;
19.129567230546563;
19.11602778765439;
19.10304177254909;
19.09065617962221;
19.078788576499427;
19.06738725219862;
19.05648478943632;
19.04601814066208;
19.035947483279507;
19.026293965303083;
19.017009279890402;
19.00807531830956;
18.999467813647506;
18.991186721017684;
18.983204994296663;
18.97550429378498;
18.96808121579221;
18.960915847513967;
18.953993712493897;
18.94730962962243;
18.94084862103124;
18.93459943444615;
18.928555807447708;
18.922706509667144;
18.91704258044872;
18.91155762558291;
18.90624298848813;
18.90109129443772;
18.896096493290127;
18.89125170142184;
18.886550823952593;
18.881988322685324;
18.877558613716168;
18.873256524576526;
18.869077199392414;
18.86501594014774;
18.86106832297933;
18.857230131914335;
18.853497339907307;
18.84986613382108;
18.846332867506167;
18.842894055063862;
18.83954638655651;
18.83628669362203;
18.833111943727744;
18.830019236029134;
18.827005815138286;
18.824069029442725;
18.82120633843501;
18.8184153095005;
18.81569362292801;
18.81303904296727;
18.810449434648355;
18.807922739391188;
18.80545698203123;
18.8030502750948;
18.800700788232923;
18.798406781553552;
18.796166578723746;
18.79397855363509;
18.79184115891651;
18.78975288939112;
18.78771231133146;
18.785718040418338;
18.78376874348779;
18.781863136120787;
18.77999998157916;
18.778178098358794;
18.776396360387963;
18.774653678498723;
18.772948997475538;
18.771281308065404;
18.769649640223808;
18.768053089717615;
18.766490759549967;
18.764961824131102;
18.76346546644769;
18.762000898083812;
18.76056735503872;
18.759164100799616;
18.75779043463618;
18.756445711696895;
18.755129382356927;
18.87448180389558;
19.1520391644711;
19.253018519441895;
19.20602512298513;
18.946618034423985;
18.71072047628091;
Date and Time: 2025-02-11T14:23:12.890
Output: tunnel boson: T = 0.1, alpha = 0.75, N_chain = 180, maxdim = 80, cutoff = -11, tau = 0.002, jump = 10, boson_dim = 14, omega = 5
Any[3.674184411692731e-20, 8.882156347755832e-11, 0.6668659034845279, 2.3082212034471383, 4.641993185942718, 7.316019196107868, 10.00990712315076, 12.492650102942696, 14.635167480693259, 16.39299158177842, 17.778178255666514, 18.833250144920406, 19.61232570244834, 20.169686447208218, 20.552396302748768, 20.805046492484937, 20.958405924344866, 21.03839113328797, 21.064954528730553, 21.051637477500527, 21.01360334738765, 20.956991969933554, 20.888146483681155, 20.811723507052207, 20.730016207052696, 20.64805660928561, 20.565947594265335, 20.484956102433856, 20.404983039804982, 20.328858089005855, 20.255492079387288, 20.18512708422849, 20.11713977914054, 20.05331371895041, 19.992500196165203, 19.934670944682907, 19.87923067871329, 19.827331403891712, 19.778068870416543, 19.73135410641265, 19.686738853297243, 19.6449368096873, 19.605306427154154, 19.56740999695907, 19.531972905926324, 19.498366116417593, 19.466508001535075, 19.436106466402812, 19.40756448615606, 19.380480471752833, 19.35459265895674, 19.33027506867132, 19.30716720057869, 19.285207818070685, 19.26423260511733, 19.244424251396108, 19.22556600330062, 19.207520845002016, 19.190444678714037, 19.17415423152138, 19.15860938156912, 19.1437264889473, 19.129567230546563, 19.11602778765439, 19.10304177254909, 19.09065617962221, 19.078788576499427, 19.06738725219862, 19.05648478943632, 19.04601814066208, 19.035947483279507, 19.026293965303083, 19.017009279890402, 19.00807531830956, 18.999467813647506, 18.991186721017684, 18.983204994296663, 18.97550429378498, 18.96808121579221, 18.960915847513967, 18.953993712493897, 18.94730962962243, 18.94084862103124, 18.93459943444615, 18.928555807447708, 18.922706509667144, 18.91704258044872, 18.91155762558291, 18.90624298848813, 18.90109129443772, 18.896096493290127, 18.89125170142184, 18.886550823952593, 18.881988322685324, 18.877558613716168, 18.873256524576526, 18.869077199392414, 18.86501594014774, 18.86106832297933, 18.857230131914335, 18.853497339907307, 18.84986613382108, 18.846332867506167, 18.842894055063862, 18.83954638655651, 18.83628669362203, 18.833111943727744, 18.830019236029134, 18.827005815138286, 18.824069029442725, 18.82120633843501, 18.8184153095005, 18.81569362292801, 18.81303904296727, 18.810449434648355, 18.807922739391188, 18.80545698203123, 18.8030502750948, 18.800700788232923, 18.798406781553552, 18.796166578723746, 18.79397855363509, 18.79184115891651, 18.78975288939112, 18.78771231133146, 18.785718040418338, 18.78376874348779, 18.781863136120787, 18.77999998157916, 18.778178098358794, 18.776396360387963, 18.774653678498723, 18.772948997475538, 18.771281308065404, 18.769649640223808, 18.768053089717615, 18.766490759549967, 18.764961824131102, 18.76346546644769, 18.762000898083812, 18.76056735503872, 18.759164100799616, 18.75779043463618, 18.756445711696895, 18.755129382356927, 18.87448180389558, 19.1520391644711, 19.253018519441895, 19.20602512298513, 18.946618034423985, 18.71072047628091]
----------------------
