----------------------
:::::::::::::::::::::::::::::::::::::::::::::::::::::::::::::::::::::::::::::::
                                     Date and Time: 2025-02-11T13:35:45.572
:::::::::::::::::::::::::::::::::::::::::::::::::::::::::::::::::::::::::::::::
tunnel boson: T = 0.1, alpha = 0.75, N_chain = 180, maxdim = 80, cutoff = -11, tau = 0.002, jump = 10, boson_dim = 14, omega = 5;
1.5155086070002432e-9;
0.00037500713791577164;
0.04482375473748985;
0.1583605863911302;
0.32872245306113657;
0.5395716601368836;
0.7739279326982448;
1.0168114237810397;
1.2566228240897956;
1.4854012991089816;
1.6983820613810479;
1.8932658936639681;
2.0694754073742616;
2.2275312920613164;
2.368585623127957;
2.494099806248687;
2.605636776152643;
2.7047356399653046;
2.7928421842209294;
2.871275357667332;
2.9412158565114632;
3.0037075552320234;
3.0596658575435423;
3.109889312084799;
3.155072312457063;
3.195817650288115;
3.2326482869714743;
3.2660180337129288;
3.2963210648758636;
3.3239002494317282;
3.3490544023147657;
3.3720445253333344;
3.393099160685756;
3.4124189544656676;
3.4301805336305176;
3.4465397972891783;
3.4616347028083734;
3.4755876206342355;
3.488507343106653;
3.5004907817385598;
3.5116244228478086;
3.5219855728383456;
3.531643433348812;
3.5406600278954943;
3.5490910140530247;
3.556986385967239;
3.5643911018007226;
3.571345625644105;
3.5778864153539622;
3.58404635044551;
3.5898551142945436;
3.595339533443954;
3.6005238812265423;
3.6054301445679116;
3.610078266192212;
3.6144863600114783;
3.6186709017285175;
3.622646896543709;
3.6264280336330192;
3.630026824166726;
3.633454716442638;
3.6367222059681756;
3.6398389336923924;
3.64281376697573;
3.6456548784973912;
3.6483698135180385;
3.6509655489803574;
3.653448548902979;
3.6558248114232588;
3.658099913710029;
3.6602790464880077;
3.6623670514825566;
3.664368449860318;
3.6662874716570966;
3.668128079861812;
3.6698939911977884;
3.671588697226915;
3.673215481178506;
3.6747774359829246;
3.676277477621394;
3.6777183566710585;
3.6791026741322788;
3.680432888323256;
3.6817113264265755;
3.6829401945668994;
3.6841215840124684;
3.6852574798534894;
3.686349767892302;
3.6874002393866325;
3.6884105988993374;
3.6893824675228952;
3.6903173918865217;
3.691216841793614;
3.6920822217007836;
3.692914868224074;
3.6937160606766937;
3.6944870167580564;
3.6952289021970404;
3.6959428286468907;
3.6966298610283053;
3.6972910167523216;
3.697927268123742;
3.6985395472941067;
3.6991287452995865;
3.6996957166349262;
3.700241279143616;
3.7007662159063623;
3.70127127798876;
3.7017571857274327;
3.702224630634359;
3.7026742734000795;
3.7031067513735447;
3.7035226733900557;
3.703922625880669;
3.7043071697859373;
3.704676847273795;
3.705032175330946;
3.705373653083167;
3.705701759749896;
3.7060169556935736;
3.7063196834360523;
3.70661036939919;
3.7068894221772335;
3.7071572370319523;
3.7074141923139625;
3.707660653419206;
3.7078969708303204;
3.7081234832073826;
3.7083405167153125;
3.7085483836469666;
3.7087473880978297;
3.7089378199979572;
3.7091199593029094;
3.7092940775390084;
3.7094604344974837;
3.709619280946163;
3.7097708604873003;
3.7099154043533993;
3.710053140006681;
3.7101842848268323;
3.710309047027771;
3.7104276282624924;
3.710540224381721;
3.710647023080712;
3.710748206269503;
3.711593175285782;
3.7135463747758273;
3.7144422325325688;
3.7147616777322066;
3.713618117957227;
3.7122463084724457;
Date and Time: 2025-02-11T14:23:12.889
Output: tunnel boson: T = 0.1, alpha = 0.75, N_chain = 180, maxdim = 80, cutoff = -11, tau = 0.002, jump = 10, boson_dim = 14, omega = 5
Any[1.5155086070002432e-9, 0.00037500713791577164, 0.04482375473748985, 0.1583605863911302, 0.32872245306113657, 0.5395716601368836, 0.7739279326982448, 1.0168114237810397, 1.2566228240897956, 1.4854012991089816, 1.6983820613810479, 1.8932658936639681, 2.0694754073742616, 2.2275312920613164, 2.368585623127957, 2.494099806248687, 2.605636776152643, 2.7047356399653046, 2.7928421842209294, 2.871275357667332, 2.9412158565114632, 3.0037075552320234, 3.0596658575435423, 3.109889312084799, 3.155072312457063, 3.195817650288115, 3.2326482869714743, 3.2660180337129288, 3.2963210648758636, 3.3239002494317282, 3.3490544023147657, 3.3720445253333344, 3.393099160685756, 3.4124189544656676, 3.4301805336305176, 3.4465397972891783, 3.4616347028083734, 3.4755876206342355, 3.488507343106653, 3.5004907817385598, 3.5116244228478086, 3.5219855728383456, 3.531643433348812, 3.5406600278954943, 3.5490910140530247, 3.556986385967239, 3.5643911018007226, 3.571345625644105, 3.5778864153539622, 3.58404635044551, 3.5898551142945436, 3.595339533443954, 3.6005238812265423, 3.6054301445679116, 3.610078266192212, 3.6144863600114783, 3.6186709017285175, 3.622646896543709, 3.6264280336330192, 3.630026824166726, 3.633454716442638, 3.6367222059681756, 3.6398389336923924, 3.64281376697573, 3.6456548784973912, 3.6483698135180385, 3.6509655489803574, 3.653448548902979, 3.6558248114232588, 3.658099913710029, 3.6602790464880077, 3.6623670514825566, 3.664368449860318, 3.6662874716570966, 3.668128079861812, 3.6698939911977884, 3.671588697226915, 3.673215481178506, 3.6747774359829246, 3.676277477621394, 3.6777183566710585, 3.6791026741322788, 3.680432888323256, 3.6817113264265755, 3.6829401945668994, 3.6841215840124684, 3.6852574798534894, 3.686349767892302, 3.6874002393866325, 3.6884105988993374, 3.6893824675228952, 3.6903173918865217, 3.691216841793614, 3.6920822217007836, 3.692914868224074, 3.6937160606766937, 3.6944870167580564, 3.6952289021970404, 3.6959428286468907, 3.6966298610283053, 3.6972910167523216, 3.697927268123742, 3.6985395472941067, 3.6991287452995865, 3.6996957166349262, 3.700241279143616, 3.7007662159063623, 3.70127127798876, 3.7017571857274327, 3.702224630634359, 3.7026742734000795, 3.7031067513735447, 3.7035226733900557, 3.703922625880669, 3.7043071697859373, 3.704676847273795, 3.705032175330946, 3.705373653083167, 3.705701759749896, 3.7060169556935736, 3.7063196834360523, 3.70661036939919, 3.7068894221772335, 3.7071572370319523, 3.7074141923139625, 3.707660653419206, 3.7078969708303204, 3.7081234832073826, 3.7083405167153125, 3.7085483836469666, 3.7087473880978297, 3.7089378199979572, 3.7091199593029094, 3.7092940775390084, 3.7094604344974837, 3.709619280946163, 3.7097708604873003, 3.7099154043533993, 3.710053140006681, 3.7101842848268323, 3.710309047027771, 3.7104276282624924, 3.710540224381721, 3.710647023080712, 3.710748206269503, 3.711593175285782, 3.7135463747758273, 3.7144422325325688, 3.7147616777322066, 3.713618117957227, 3.7122463084724457]
----------------------
