----------------------
:::::::::::::::::::::::::::::::::::::::::::::::::::::::::::::::::::::::::::::::
                                     Date and Time: 2025-03-28T21:18:18.649
:::::::::::::::::::::::::::::::::::::::::::::::::::::::::::::::::::::::::::::::
local boson: T = 0.0, alpha = 1.25, N_chain = 160, maxdim = 100, cutoff = -13, tau = 0.001, jump = 20, boson_dim = 8, omega = 5;
0.0;
0.06187322620446732;
0.24032071692321838;
0.515824752565117;
0.8615103274152958;
1.2489418942528938;
1.652726992565123;
2.053016291745751;
2.436065888421984;
2.7935562491611377;
3.1213785269683956;
3.418374287956106;
3.6852702273083953;
3.9238791699501148;
4.1365494102659826;
4.32581097089689;
4.494163721810254;
4.64396103132492;
4.777354455997201;
4.896275386280438;
5.002437860614548;
5.097352443475442;
5.1823449657284675;
5.258576677799927;
5.327063942880925;
5.388696479788262;
5.444253651746214;
5.494418879008692;
5.539792169286644;
5.580900911602197;
5.618209368069368;
5.652126944688043;
5.68301512324447;
5.711193352971392;
5.73694419365828;
5.760517941055414;
5.782136662825113;
5.801997563480909;
5.820275951733772;
5.837127860079944;
5.8526922761379465;
5.867093117725168;
5.8804409374110405;
5.892834379039934;
5.904361516947545;
5.915101098763593;
5.925123675190257;
5.934492564309509;
5.943264590120412;
5.9514906696773835;
5.959216508202699;
5.966483219905512;
5.97332778178292;
5.979783420352409;
5.98588005794958;
5.991644758768522;
