----------------------
:::::::::::::::::::::::::::::::::::::::::::::::::::::::::::::::::::::::::::::::
                                     Date and Time: 2025-03-28T21:18:18.657
:::::::::::::::::::::::::::::::::::::::::::::::::::::::::::::::::::::::::::::::
local boson: T = 0.0, alpha = 1.25, N_chain = 160, maxdim = 100, cutoff = -13, tau = 0.001, jump = 20, boson_dim = 8, omega = 5;
0.0;
0.9219432505571623;
3.5123060921949993;
7.311556924951866;
11.735403645133182;
16.23981179751694;
20.424467895960255;
24.059645159678382;
27.060129553040824;
29.438823350101803;
31.262413529571624;
32.61896938091992;
33.59808719545387;
34.280717246380966;
34.73528539941337;
35.01729998894059;
35.17058920000112;
35.22915308913893;
35.219051434447834;
35.16009631753632;
35.06721645096686;
34.951640503679656;
34.82174001508933;
34.68368777138377;
34.5420534409222;
34.40015621846698;
34.26034957353475;
34.12428615870222;
33.993078920848404;
33.86742957189985;
33.74774073266104;
33.63419595735814;
33.52682094629618;
33.425515743562265;
33.330113459381266;
33.240386966178356;
33.15606929842798;
33.07688183668068;
33.002544633635466;
32.93276353135291;
32.8672543565708;
32.8057527981594;
32.74798141850701;
32.69368195801272;
32.6426118812267;
32.59454025086254;
32.549261387277774;
32.5065939313254;
32.466353395558095;
32.42836225279528;
32.39245464890269;
32.35848931943317;
32.32633105349381;
32.29584852401821;
32.266930918108415;
32.23947759045438;
32.21338881296275;
32.18857061481562;
32.164934552366525;
32.14239715243765;
32.120894698807135;
32.10036069186471;
32.080740601217805;
32.06196222996664;
32.043984692766266;
32.02676289701363;
32.01025094635281;
31.99440366255051;
31.979177712154133;
31.964535505123365;
31.950457320097605;
31.936916575111795;
31.923884061024438;
31.91132820407544;
31.89921993388799;
31.887536828513745;
31.876253333490034;
31.865353388366238;
31.85482559779217;
31.84464035584002;
31.83479051864134;
31.825261743357977;
31.81605186397644;
31.8071482445732;
31.798525252731665;
31.790160252285972;
31.782035847424886;
31.774140654456012;
31.76646355471859;
31.75901766337821;
31.751808189663464;
31.74482643948052;
31.738054987817442;
31.731480066604902;
31.725080635829983;
31.71884259283314;
31.71276380606666;
31.70684209096902;
31.701078626388387;
31.69547230835331;
31.690029691626798;
31.684750101858256;
31.679619054584684;
31.674624751303483;
31.669748908655997;
31.664987906081798;
31.660336506154316;
31.6557905060179;
31.65135017543159;
31.647018272944187;
31.64279478637475;
31.63866653096847;
31.634633793096114;
31.630697603169303;
31.62685431403218;
31.6231105472051;
31.61947115799458;
31.61593150108702;
31.612473362165886;
31.60908098104953;
31.605754870299187;
31.602494729931593;
31.59930286977039;
31.5961856093284;
31.59314168491258;
31.590179581511215;
31.587292969450118;
31.584482941861133;
31.58173247314776;
31.579028602747;
31.57638051888717;
31.573797447191147;
31.571284838771234;
31.56883133898861;
31.56642371880301;
31.56406103592837;
31.561747945778997;
31.559472336059237;
31.557243297917076;
31.555065218328252;
31.552937533111347;
31.55085084325276;
31.548788242731042;
31.546758409282482;
31.544776179897134;
31.542847217269802;
31.54096531448318;
31.539118498946458;
31.537300885347648;
31.535516670307466;
31.533755188939622;
Date and Time: 2025-03-28T22:12:02.684
Output: local boson: T = 0.0, alpha = 1.25, N_chain = 160, maxdim = 100, cutoff = -13, tau = 0.001, jump = 20, boson_dim = 8, omega = 5
[0.0, 0.9219432505571623, 3.5123060921949993, 7.311556924951866, 11.735403645133182, 16.23981179751694, 20.424467895960255, 24.059645159678382, 27.060129553040824, 29.438823350101803, 31.262413529571624, 32.61896938091992, 33.59808719545387, 34.280717246380966, 34.73528539941337, 35.01729998894059, 35.17058920000112, 35.22915308913893, 35.219051434447834, 35.16009631753632, 35.06721645096686, 34.951640503679656, 34.82174001508933, 34.68368777138377, 34.5420534409222, 34.40015621846698, 34.26034957353475, 34.12428615870222, 33.993078920848404, 33.86742957189985, 33.74774073266104, 33.63419595735814, 33.52682094629618, 33.425515743562265, 33.330113459381266, 33.240386966178356, 33.15606929842798, 33.07688183668068, 33.002544633635466, 32.93276353135291, 32.8672543565708, 32.8057527981594, 32.74798141850701, 32.69368195801272, 32.6426118812267, 32.59454025086254, 32.549261387277774, 32.5065939313254, 32.466353395558095, 32.42836225279528, 32.39245464890269, 32.35848931943317, 32.32633105349381, 32.29584852401821, 32.266930918108415, 32.23947759045438, 32.21338881296275, 32.18857061481562, 32.164934552366525, 32.14239715243765, 32.120894698807135, 32.10036069186471, 32.080740601217805, 32.06196222996664, 32.043984692766266, 32.02676289701363, 32.01025094635281, 31.99440366255051, 31.979177712154133, 31.964535505123365, 31.950457320097605, 31.936916575111795, 31.923884061024438, 31.91132820407544, 31.89921993388799, 31.887536828513745, 31.876253333490034, 31.865353388366238, 31.85482559779217, 31.84464035584002, 31.83479051864134, 31.825261743357977, 31.81605186397644, 31.8071482445732, 31.798525252731665, 31.790160252285972, 31.782035847424886, 31.774140654456012, 31.76646355471859, 31.75901766337821, 31.751808189663464, 31.74482643948052, 31.738054987817442, 31.731480066604902, 31.725080635829983, 31.71884259283314, 31.71276380606666, 31.70684209096902, 31.701078626388387, 31.69547230835331, 31.690029691626798, 31.684750101858256, 31.679619054584684, 31.674624751303483, 31.669748908655997, 31.664987906081798, 31.660336506154316, 31.6557905060179, 31.65135017543159, 31.647018272944187, 31.64279478637475, 31.63866653096847, 31.634633793096114, 31.630697603169303, 31.62685431403218, 31.6231105472051, 31.61947115799458, 31.61593150108702, 31.612473362165886, 31.60908098104953, 31.605754870299187, 31.602494729931593, 31.59930286977039, 31.5961856093284, 31.59314168491258, 31.590179581511215, 31.587292969450118, 31.584482941861133, 31.58173247314776, 31.579028602747, 31.57638051888717, 31.573797447191147, 31.571284838771234, 31.56883133898861, 31.56642371880301, 31.56406103592837, 31.561747945778997, 31.559472336059237, 31.557243297917076, 31.555065218328252, 31.552937533111347, 31.55085084325276, 31.548788242731042, 31.546758409282482, 31.544776179897134, 31.542847217269802, 31.54096531448318, 31.539118498946458, 31.537300885347648, 31.535516670307466, 31.533755188939622]
----------------------
----------------------
:::::::::::::::::::::::::::::::::::::::::::::::::::::::::::::::::::::::::::::::
                                     Date and Time: 2025-03-29T14:23:13.525
:::::::::::::::::::::::::::::::::::::::::::::::::::::::::::::::::::::::::::::::
local boson: T = 0.0, alpha = 1.25, N_chain = 180, maxdim = 100, cutoff = -14, tau = 0.001, jump = 20, boson_dim = 8, omega = 5;
0.0;
0.9219380040750133;
3.5122672410158176;
7.3114395198616515;
11.735160313997255;
16.239405174113628;
20.4238647243123;
24.05882678345996;
27.05912584656491;
29.437651945375983;
31.26112064971513;
32.61760071060553;
33.59666925525314;
34.279274073716834;
34.73384168606754;
35.015875066090274;
35.169202046581105;
35.2278209060168;
35.217787141423536;
35.15889515458967;
35.06608523001488;
34.950575184993184;
34.820728260852974;
34.68275165196184;
34.54120046440314;
34.39938215346902;
34.25965535683786;
34.123669349668376;
33.992533125692006;
33.866952560647334;
33.74733333176508;
33.633861287429326;
33.526557211221395;
33.425329592828476;
33.330005497456504;
33.24035497781772;
33.15611522545016;
33.077007464801056;
33.00274263673773;
32.93302973387935;
32.867581959460836;
32.806125145813006;
32.74839634361473;
32.6941421587782;
32.64312212245068;
32.59510949340966;
32.54989392404605;
32.50727943994018;
32.467083123264295;
32.42913560190523;
32.39327814626582;
32.3593646667459;
32.32725703676864;
32.29682959047916;
32.26796639953521;
32.24056167758573;
32.214516857701376;
32.189738627253575;
32.16614313860183;
32.14365446499982;
32.122200821475914;
32.10171580755285;
32.08213973994576;
32.06341715202901;
32.04549210645264;
32.028316628509124;
32.011846888572514;
31.996042495864167;
31.98086804628329;
31.966286994265708;
31.9522650107983;
31.938772552662016;
31.925781509870035;
31.913264115508866;
31.90119698313137;
31.88955964694543;
31.878330507168172;
31.867487170753826;
31.85701279731724;
31.846892598420553;
31.83710845563637;
31.827646097346978;
31.81848950911958;
31.80962253948551;
31.801029561102922;
31.792699172723438;
----------------------
:::::::::::::::::::::::::::::::::::::::::::::::::::::::::::::::::::::::::::::::
                                     Date and Time: 2025-03-29T14:54:45.520
:::::::::::::::::::::::::::::::::::::::::::::::::::::::::::::::::::::::::::::::
local boson: T = 0.0, alpha = 1.25, N_chain = 180, maxdim = 100, cutoff = -13, tau = 0.001, jump = 20, boson_dim = 8, omega = 5;
0.0;
0.9219381969930862;
3.5122680626423173;
7.311440584606094;
11.735161608085875;
16.23940778774382;
20.423883578622263;
24.05888054727759;
27.059199304060495;
29.43775159566949;
31.26122904738137;
32.617701927713526;
33.596765119946994;
34.27936619389026;
34.733927249151336;
35.01595394532272;
35.169271032442325;
35.227875555295824;
35.21782501295377;
35.15892884607412;
35.066114125444685;
34.950607785002106;
34.82078015352676;
34.682803012167085;
34.54124631615198;
34.399427436658556;
34.259698607185314;
34.123711989619665;
33.99257963202135;
33.867003126603166;
33.74738493619594;
33.633908919482025;
33.526602242716514;
33.4253662400511;
33.33003359931925;
33.24037777389363;
33.15613093210045;
33.0770131152783;
33.00274332019554;
32.9330267698047;
32.86757863745466;
32.806134096321216;
32.74841498205464;
32.6941632365853;
32.64313661000603;
32.59510491917313;
32.549863255544714;
32.50723282025065;
32.467029115020054;
32.42907542327161;
32.39320604608536;
32.359278269591705;
32.32715878570385;
32.296715471964234;
32.267836619752345;
32.240423941211674;
32.21437551425797;
32.189598858116696;
32.16600436472311;
32.143509693658764;
32.12205222248221;
32.101563243665794;
32.08198715652089;
32.06325170042522;
32.04531633720778;
32.02813827843042;
32.011672539084586;
31.99587058250018;
31.980691303108053;
31.966093933382552;
31.95206031630041;
31.938565132427982;
31.92557760506024;
31.91306446652527;
31.90099665644601;
31.88935480838714;
31.878114054934038;
31.867261122679515;
31.856781894776887;
31.846646247247477;
31.836842186219343;
31.827353438076955;
31.81817994320516;
31.809313838864625;
31.800729492055176;
31.792405069904774;
31.784325164562745;
31.7764756753432;
31.76884441816877;
31.761444435908615;
31.75428373038781;
31.7473537252952;
31.740631784081778;
31.734103715325908;
31.727753370556698;
31.72157061864762;
31.715550654873987;
31.709692166582386;
31.70398925889456;
31.69843467465718;
31.693031579322195;
31.687778526356183;
31.682665724665036;
31.67769016678833;
31.672837885968868;
31.668109762305214;
31.663496977141243;
31.658994371998254;
31.654597360003116;
31.650306093998793;
31.646124207888306;
31.642043238473192;
31.638072403939077;
31.634205894233617;
31.630436567840704;
31.626766901402483;
31.623195141631996;
31.619718267515736;
31.616319456982886;
31.61298940380844;
31.609730224570434;
31.60654186005253;
31.603423215064062;
31.600373053755426;
31.597383699773303;
31.59445897960584;
31.59159676558;
31.588804072103017;
31.586074211582343;
31.583401084811733;
31.58078309975957;
31.57821967092474;
31.57571627840209;
31.573267407061905;
31.57087384811939;
31.568531425340176;
31.56624151568839;
31.563995956183525;
31.56179554574868;
31.559651233268333;
31.557562598691987;
31.555511495345065;
31.553485831233843;
31.551485617204705;
31.54953395806789;
31.547643240813386;
31.545800956563426;
31.543997635389616;
31.542230378132565;
31.540504039809946;
31.538814486696445;
31.53716277940179;
31.535551434570117;
31.53397600380365;
31.53243256729349;
31.530909563008564;
31.52940206843995;
31.527916884838397;
31.526463266977935;
31.525036390058368;
31.52363185051167;
31.522252539767507;
31.520905436690647;
31.519593025411645;
31.518313448170844;
31.51705617594864;
31.515823845054165;
31.514611639780966;
31.513415549021445;
31.512245162749693;
31.511112525822952;
31.51000628495145;
31.50892003236536;
31.507836722053213;
31.506760280371175;
31.505697894136475;
31.504657404972818;
31.503649487716594;
31.5026698004718;
31.501712584377962;
31.500774298018186;
31.499852127840263;
31.498943451603864;
31.498045449553118;
31.49715820165214;
31.496290140436415;
31.495438269828213;
31.494601432006263;
31.49377763423007;
31.49297005431481;
31.4921824010286;
31.491411785800203;
31.490647770324422;
31.48989450073558;
31.489156668387878;
31.488434848773274;
31.48773050625718;
31.487048697523896;
31.486385457386753;
31.4857356542051;
31.4850926428609;
31.484458131055817;
31.483838284820365;
31.483229326670376;
31.482631029350586;
31.48204347037519;
31.481473594707992;
31.48092957006851;
31.480407256194418;
31.479896383650747;
31.479393931130282;
31.478896299178828;
31.47837522717478;
31.47783532228405;
31.47737650615938;
31.477014771227978;
31.476522000187842;
31.475784564837433;
31.475272393477084;
31.47537029195452;
31.47528151154966;
31.4739725359619;
31.472450510750576;
31.472935539642485;
31.474838977933835;
31.474430232023728;
31.470524194322813;
31.46775835802702;
31.4707471523109;
31.47637768384599;
31.4762638700023;
31.467985187091003;
31.4603326187731;
31.463780066791458;
31.476551534183656;
31.48415141980255;
31.47512781545244;
31.455844132068528;
31.44630377226575;
31.45943709470142;
31.485337110072606;
31.498309126911664;
31.481641458115135;
31.44620424293749;
31.423482129058286;
31.43769321028858;
31.481821080761677;
31.520186003415333;
31.51717562234188;
