----------------------
:::::::::::::::::::::::::::::::::::::::::::::::::::::::::::::::::::::::::::::::
                                     Date and Time: 2025-03-29T18:32:21.376
:::::::::::::::::::::::::::::::::::::::::::::::::::::::::::::::::::::::::::::::
local boson: T = 1.0, alpha = 1.25, N_chain = 180, maxdim = 50, cutoff = -13, tau = 0.002, jump = 10, boson_dim = 9, omega = 5;
0.0;
0.9233876577712081;
3.518336537976673;
7.325649435177361;
11.761151526011064;
16.28064624904915;
20.483459647308436;
24.139438528674255;
27.16303932912726;
29.56686807185833;
31.41746208807095;
32.802805444113076;
33.812459372723;
34.52737857435344;
35.01601761999658;
35.333881488633324;
35.52477672942747;
35.622647276323576;
35.65345707036386;
35.63688455035297;
35.587733434273765;
35.51704488022153;
35.4330083539074;
35.34163727832373;
35.247297642282604;
35.15310215172271;
35.061223133571914;
34.9731233366526;
34.889734993090045;
34.81159996058946;
34.738977166058234;
34.671918410508695;
34.610331680423606;
34.55402807658306;
34.50275532938255;
34.456224390628684;
34.41413021390885;
34.37616262401148;
34.342024785581145;
34.3114268579225;
34.28408542324243;
34.259735389166174;
34.23812795291313;
34.219035896727625;
34.20224221791311;
34.18754206402056;
34.17474599296421;
34.16367830595956;
34.15417889136327;
34.146096631326145;
34.13929948367463;
34.1336666052887;
34.129089578332675;
34.12546472434449;
34.122699042277986;
34.120700755624355;
34.11938454652099;
34.118672940006455;
34.11849604393837;
34.118794942383374;
34.11951633124674;
34.12061154310207;
34.12203485774963;
34.123739532883796;
34.125679819515;
34.12781707981408;
34.13011942115909;
34.13256282583319;
34.135123954877116;
34.13777736162594;
34.14049648066923;
34.14325767475389;
34.14604056048675;
34.14882662254355;
34.15159550098935;
34.15432857593693;
34.157013497192565;
34.159642945098945;
