----------------------
:::::::::::::::::::::::::::::::::::::::::::::::::::::::::::::::::::::::::::::::
                                     Date and Time: 2025-04-02T17:51:31.177
:::::::::::::::::::::::::::::::::::::::::::::::::::::::::::::::::::::::::::::::
local boson: T = 1.0, alpha = 1.25, N_chain = 180, maxdim = 50, cutoff = -13, tau = 0.001, jump = 20, boson_dim = 10, omega = 5;
0.0;
0.9236081104893519;
3.5191091448344713;
7.3270914071828335;
----------------------
:::::::::::::::::::::::::::::::::::::::::::::::::::::::::::::::::::::::::::::::
                                     Date and Time: 2025-04-02T17:52:59.329
:::::::::::::::::::::::::::::::::::::::::::::::::::::::::::::::::::::::::::::::
local boson: T = 1.0, alpha = 1.25, N_chain = 180, maxdim = 50, cutoff = -13, tau = 0.001, jump = 20, boson_dim = 10, omega = 5;
0.0;
0.9236081104893519;
3.5191091448344713;
7.3270914071828335;
11.76323532030932;
16.28335102132784;
20.486886569631444;
24.14388245995138;
27.168912067943822;
29.574599964177644;
31.427531688001793;
32.81565320605122;
33.82847294772037;
34.54694014504434;
35.03940949442148;
35.36130734163329;
35.55636514047434;
35.6583962374451;
35.69335983044212;
35.68089389624974;
35.63574043896515;
35.56894797357877;
35.488669357689034;
35.40094067435695;
35.310078157733834;
35.2192095778468;
35.13049223782733;
35.04541450079466;
34.96494188470297;
34.889613669505096;
34.819688342378335;
34.755246760000716;
34.69622489045231;
34.64247210202298;
34.5937201249753;
34.54967906410387;
34.51004690765767;
34.47453801815631;
34.442840255213774;
34.414659375822545;
34.38970524666916;
34.36768345718442;
34.34831895602257;
34.33135542842994;
34.316569894624905;
34.30376453407052;
34.29273993765781;
34.28332195592296;
34.27535281225247;
34.268697815486846;
34.263248940387555;
34.258880283534545;
34.255460502945546;
34.25287885086402;
34.25102478625273;
34.24984959326711;
34.249265681766;
34.24920911203785;
34.2496466781039;
34.250542104992874;
34.251847357081395;
34.25351884189729;
34.255501910914596;
34.25775564870103;
34.26022984352055;
34.26288466280663;
34.265702883927865;
34.268677138871546;
34.27181185302859;
34.275111825980105;
34.278533325828754;
34.28202950712749;
34.28555293305397;
34.28910486800539;
34.29270295632075;
34.29634533577565;
34.30001099009925;
34.30369037508768;
34.30739100686342;
34.31109500969503;
34.314778746786864;
34.31844108496609;
34.32206947917752;
34.32567353903901;
34.32924242532917;
34.33276434783901;
34.33621810249309;
34.33961037975796;
34.3429378688917;
34.346205621552144;
34.349411467973106;
34.352556453733115;
34.355636116696026;
34.3586482673911;
34.3615860551899;
34.36443371422606;
34.367177768600286;
34.369824394729264;
34.37238875325958;
34.3748787239283;
34.37727900640171;
34.37957791977738;
34.38177789748643;
34.383883094407835;
34.38588592288255;
34.38774861561954;
34.38946081168676;
34.39105107452099;
34.3925641603655;
34.394014780899326;
34.39540529371705;
34.39671770333941;
34.39792641319946;
34.39902205440446;
34.39999352022769;
34.40083015562485;
34.40152747289837;
34.40209816626772;
34.402554972704515;
34.402918555346815;
34.40319064585684;
34.40339546591552;
34.40353525119124;
34.40358707213144;
34.403529920532804;
34.40336003950109;
34.40308730290328;
34.40272952075639;
34.40229425464953;
34.401776233108556;
34.40117016517263;
34.40046043630063;
34.39964162589917;
34.398721858421666;
34.397716749029215;
34.39661999841336;
34.395439042307025;
34.394184424889325;
34.392868457455975;
34.391492051900826;
34.39007623624216;
34.38863085866473;
34.38716321745167;
34.385640298115106;
34.3840472099072;
34.38235566400872;
34.380559883576005;
34.37867210865033;
34.37673416532625;
34.37476039443262;
34.372760461056004;
34.370736223420195;
34.368682890958524;
34.36660072947703;
34.3644788676987;
34.362315115440694;
34.36010770473776;
34.35785288459624;
34.35556188353922;
34.35325452955541;
34.350930346754886;
34.34859489583163;
34.34625159057454;
34.34388033704518;
34.34146737849369;
34.339028484836234;
34.336581848268935;
34.3341370651668;
34.33170110426209;
