----------------------
:::::::::::::::::::::::::::::::::::::::::::::::::::::::::::::::::::::::::::::::
                                     Date and Time: 2025-03-23T20:55:44.890
:::::::::::::::::::::::::::::::::::::::::::::::::::::::::::::::::::::::::::::::
local boson: T = 0.1, alpha = 0.25, N_chain = 120, maxdim = 100, cutoff = -13, tau = 0.02, jump = 10, boson_dim = 7, omega = 5;
1.1774912952419211e-6;
0.1844150631810909;
0.702583837596581;
1.4626029507105676;
2.3475895946260135;
3.2487145861179467;
4.085943076717562;
4.813445044756888;
5.414385684435174;
5.891592937920448;
6.2586541465063945;
6.5333825288890655;
6.733797887311716;
6.8761355588619155;
6.974031351118293;
7.038469512462115;
7.078060285531264;
7.099407849097159;
7.107516825244304;
7.106135787603623;
7.098049719552585;
7.085319890796512;
7.069465938231241;
7.051600686514443;
7.032522545508732;
7.012810226981779;
6.992873457598094;
6.9730041339859925;
6.9534056988139925;
6.934214612228556;
6.915517708054415;
6.897368329743663;
6.879801135316983;
6.862824371222928;
6.846441119347917;
6.830641562926486;
6.815394714849814;
6.800668178941266;
6.786441924885759;
6.772715378094222;
6.759482098904513;
6.746723498643843;
6.734406814805293;
6.722496445949069;
6.710957838690435;
6.69975404316739;
6.68886266223222;
6.67826719854582;
6.667960241575777;
6.657935680263584;
6.648185354383657;
6.6386912921828465;
6.629436899347258;
6.620405205251715;
6.61158480127353;
6.602974725143588;
6.594570114823379;
6.586360483825011;
6.578333059451091;
6.5704800320181675;
6.562794667752779;
6.555268415444621;
6.547892252366975;
6.540656604911609;
6.533553094322317;
6.526571167900094;
6.519710214347603;
6.512973297538894;
6.506364264391015;
6.499875361030852;
6.493491892748029;
6.4872004448492;
6.481001779210684;
6.474902868300767;
6.468906230319233;
6.463013867114459;
6.457216150109201;
6.451498879328204;
6.445850799421145;
6.440271251290552;
6.434763354049188;
6.429331716352916;
6.423981663794992;
6.418708760396728;
6.4135129691787895;
6.408387446621175;
6.403323475752037;
6.398314280425216;
6.393366523875415;
6.388486397387608;
6.3836780715603325;
6.3789367455166;
6.3742532123322055;
6.369614181416331;
6.365017346673376;
6.360472350361356;
6.355988631725071;
6.351563461946596;
6.347195539651474;
6.342883739755475;
6.338621003490013;
6.3343951858663665;
6.330197947931458;
6.32603108437212;
6.321910339415508;
6.31785063022283;
6.313847613161672;
6.309888590275683;
6.305970326118671;
6.302095456825291;
6.298260089598108;
6.294452338788441;
6.290664109027539;
6.2869044712443;
6.283182712913433;
6.279509900812508;
6.275891220405342;
6.272331578729181;
6.268826866537183;
6.265374773481806;
6.261961546157938;
6.258578543422545;
6.255222335885998;
6.251893670275456;
6.248590069180486;
6.24532070486785;
6.242089759831828;
6.238894622361564;
6.235716369454618;
6.232551785201439;
6.2294218853301215;
6.226343699810284;
6.223308434349017;
6.220315827321045;
6.217359239100812;
6.2144277747572945;
6.2115186944463385;
6.208629478936645;
6.205764027666065;
6.20292283097279;
6.200112442379195;
6.197341867638045;
6.194602587551238;
6.191876100037082;
6.1891650341196405;
6.186484775801959;
6.18385053251394;
6.181258333763436;
6.178694893306905;
6.176152296968137;
6.17363974953422;
6.171172514125383;
6.168730303286868;
6.166255929978146;
6.163746425721148;
6.161313901102153;
6.1590351392281715;
6.156745367793992;
6.154211023463531;
6.151547204827972;
6.149233354154644;
6.147501335310485;
6.145840829890345;
6.143441625656477;
6.140231935751271;
6.137242658303965;
6.135631608562311;
6.135283030374801;
6.134565995841814;
6.131768687754248;
6.126937771718062;
6.122265504030989;
6.120370626680119;
6.1218791134326676;
6.124479936621158;
6.124446937709969;
6.119543818768772;
6.111084110372509;
6.1034055182977;
6.100990161639388;
6.105205426185023;
6.1129666993537;
6.1183362358578695;
6.1161512729913;
6.105420345975;
6.090342391849041;
6.078240841199134;
6.075541042100017;
6.084050167176864;
6.09962118612206;
6.1139536351929635;
6.118628860031823;
6.109357535125955;
6.08832040199488;
6.0634643935293;
6.045104090615947;
6.04138062188917;
6.0545982121312685;
6.079997034772219;
6.107475189168344;
6.125511871891499;
6.125670008682787;
6.105933412557096;
6.071635616255662;
6.033691427795231;
6.004812426307023;
5.995090307796183;
6.008497189272686;
6.0414835453780125;
6.084070449974375;
6.12298655153843;
6.145740040582036;
6.14436021402073;
6.117733596608307;
6.071917389994494;
6.018456250095178;
5.971229169767943;
5.942727882371429;
5.940762088819383;
5.966452297199198;
6.013989954320065;
6.072140076588497;
6.127022440675363;
6.1654345238064;
6.177904195343175;
6.160784413061485;
6.116942993990881;
6.055008055039853;
5.987425121210466;
5.927783564952313;
5.887997957723196;
5.875946882144897;
5.894031406015954;
5.938884812657677;
6.002207526406245;
6.072467380860164;
