----------------------
:::::::::::::::::::::::::::::::::::::::::::::::::::::::::::::::::::::::::::::::
                                     Date and Time: 2025-02-17T19:57:27.015
:::::::::::::::::::::::::::::::::::::::::::::::::::::::::::::::::::::::::::::::
local boson: T = 0.1, alpha = 1.25, N_chain = 190, maxdim = 100, cutoff = -11, tau = 0.001, jump = 20, boson_dim = 15, omega = 5;
-5.537343517548641e-21;
1.328655480301368e-11;
1.014638049791837;
3.6769842801036514;
7.517120544488152;
11.948208459691044;
16.442367610488756;
20.60477156308456;
24.257285459551202;
27.201875137680254;
29.561470028766113;
31.36905387985215;
32.63065222063946;
33.5476479595925;
34.2259868425318;
34.50792157165377;
34.9731758237073;
35.031950185994994;
35.16328990471966;
35.13165312267122;
35.16764172484754;
35.1974909159926;
35.08434437851052;
35.04108410460515;
34.95989467031298;
34.72524048678001;
34.28284631994863;
33.763511428730595;
33.3159788797583;
33.06843807226;
33.123972000599736;
32.585546961474876;
32.43169185649143;
32.238569138719285;
31.9115573124218;
31.773173274093182;
31.577722612883086;
31.76811741236026;
31.5203963973486;
31.215138848242695;
30.951964334251024;
30.91513777896032;
30.870205831749523;
30.857370962886698;
30.388034408087854;
30.15651816560853;
30.12275526393058;
29.91628001897223;
29.788568045609473;
30.091371518222033;
30.0727614033368;
30.054792095543974;
30.027333490435964;
30.06225285598478;
30.002104804440584;
29.88631291580596;
29.86419603746635;
