----------------------
:::::::::::::::::::::::::::::::::::::::::::::::::::::::::::::::::::::::::::::::
                                     Date and Time: 2025-03-29T18:32:21.368
:::::::::::::::::::::::::::::::::::::::::::::::::::::::::::::::::::::::::::::::
local boson: T = 1.0, alpha = 1.25, N_chain = 180, maxdim = 50, cutoff = -13, tau = 0.002, jump = 10, boson_dim = 9, omega = 5;
0.0;
0.06186736534281158;
0.24031230263222647;
0.5158387061664674;
0.8615868560966448;
1.249126670888843;
1.6530619237027722;
2.0535333149179453;
2.436784181480765;
2.794482221825811;
3.1225077234108274;
3.419694376013207;
3.686764472211176;
3.925530011070327;
4.13834180997414;
4.327735238652357;
4.496217630821412;
4.646151232287078;
4.779697242191201;
4.898796910079828;
5.005173770946605;
5.100346977142347;
5.185649672619654;
5.262248874423913;
5.331164977900701;
5.393289887136406;
5.449403344873179;
5.500187411571473;
5.546239240826808;
5.588082254989741;
5.626175824685368;
5.66092367651538;
5.692681163813054;
5.721761480647459;
5.748441081443065;
5.772964420702707;
5.79554804635401;
5.816384122797128;
5.835643413598719;
5.853477788453583;
5.870022398866235;
5.885397678102468;
5.8997111195844;
5.913058768107561;
5.925526439276093;
5.937190838493836;
5.948120636035884;
5.958377421444729;
5.968016497789058;
5.977087579015671;
5.985635439919515;
5.993700480297116;
6.001319206596528;
6.008524623537294;
6.015346565810142;
6.021811994565373;
6.027945305341506;
6.0337686956377805;
6.039302493475374;
6.044565382689822;
6.049574566572357;
6.054345912753976;
6.058894042106732;
6.0632324179552075;
6.067373463628817;
6.071328741066018;
6.075109124171442;
6.078724872148234;
6.082185614121698;
6.085500345548882;
6.0886774872298375;
6.091724961017023;
6.094650224648369;
6.097460316922802;
6.1001619695167895;
6.102761701154292;
6.105265838800923;
6.107680455905846;
