----------------------
:::::::::::::::::::::::::::::::::::::::::::::::::::::::::::::::::::::::::::::::
                                     Date and Time: 2025-03-29T19:41:17.543
:::::::::::::::::::::::::::::::::::::::::::::::::::::::::::::::::::::::::::::::
local boson: T = 1.0, alpha = 1.25, N_chain = 160, maxdim = 50, cutoff = -13, tau = 0.002, jump = 10, boson_dim = 8, omega = 5;
0.0;
0.06186698223616251;
0.24030932669965432;
0.5158291282935402;
0.8615655464138888;
1.2490881172507509;
1.6530008555781723;
2.0534451282852317;
2.4366651659762812;
2.7943296406140368;
3.122319808127992;
3.4194702878008156;
3.686504259207285;
3.925234586641488;
4.138012962427334;
4.327375649201569;
4.495830899848361;
4.645741938140199;
4.779270996205856;
4.898360346635739;
5.0047345096446065;
5.099913624752652;
5.185231848058726;
5.261857252993131;
5.330811280781923;
5.392986848873388;
5.449164705328087;
5.500027982289348;
5.546175007259162;
5.5881303895616075;
5.626354619745128;
5.661252496501303;
5.693180488109636;
5.722453010495766;
5.749347796746914;
5.774110579597229;
5.796959140800509;
5.818086770240414;
5.837665241481698;
5.855847437417351;
5.872769654076816;
5.888553528727689;
5.903307662626203;
5.917129080515025;
5.930104596607097;
5.942312040525668;
5.953821224580547;
5.964694765995519;
5.974988892551586;
5.984754212114197;
5.994036333426868;
6.002876384858245;
6.011311514054691;
6.019375323851802;
6.0270982374023285;
6.0345078867757165;
6.041629486142095;
6.048486103829566;
6.055098812502221;
6.061486788414002;
6.06766750266307;
6.073656995201196;
6.079470099489583;
6.085120584115336;
6.090621243069162;
6.09598394357082;
6.101219679679248;
6.106338684023931;
6.111350575930365;
6.116264435216356;
6.1210888022401955;
6.125831716232789;
6.130500749400626;
6.135103040949779;
6.139645318488234;
6.144133933124179;
6.148574925409206;
6.152974080175485;
6.157336941407022;
6.1616687549657625;
6.165974520102139;
6.170259036966498;
6.174526936621705;
6.1787826735348865;
6.183030486595604;
6.187274381932671;
6.191518132898127;
6.195765338495015;
6.2000195155413955;
6.204284109957982;
6.208562450550136;
6.212857722271615;
6.217172947864049;
6.221510935135244;
6.225874256212197;
6.230265309114112;
6.234686361046571;
6.239139526697883;
6.2436267783942325;
6.248150015214116;
6.252711111017789;
6.257311877077187;
6.261954015047594;
6.266639084745571;
6.271368486707988;
6.276143460234104;
6.280965099833925;
6.285834379268886;
6.290752128406931;
6.295718996868188;
6.300735524714787;
6.305802209044501;
6.310919480943863;
6.316087673366633;
6.321307028028931;
6.326577683057594;
6.331899647081676;
6.337272803288343;
6.342696943502656;
6.348171783718318;
6.353696896701659;
6.359271663239548;
6.364895343907362;
6.370567219919365;
6.376286593819949;
6.382052677738124;
6.387864552258099;
6.3937212140370665;
6.39962158464805;
6.405564476834388;
6.411548600561588;
6.417572590625556;
6.423634988810258;
6.429734272331696;
6.435868947825945;
6.442037575680819;
6.448238694678945;
