----------------------
:::::::::::::::::::::::::::::::::::::::::::::::::::::::::::::::::::::::::::::::
                                     Date and Time: 2025-03-23T17:39:48.066
:::::::::::::::::::::::::::::::::::::::::::::::::::::::::::::::::::::::::::::::
local boson: T = 0.1, alpha = 1.25, N_chain = 120, maxdim = 100, cutoff = -13, tau = 0.02, jump = 10, boson_dim = 10, omega = 5;
5.390807671677148e-7;
0.9220746511217603;
3.5129196655979893;
7.313078896070375;
11.738237274171718;
16.244268812258408;
20.430742324005724;
24.067827615995135;
27.0702130121183;
29.450739278936144;
31.276057009078496;
32.634214824370396;
33.61480273387493;
34.298772896506435;
34.75457014193523;
35.03771129968754;
35.19202900003253;
35.251525687082726;
35.24227565964641;
35.184104093882944;
35.0919416758733;
34.977012660043506;
34.8477098866165;
34.710216772099685;
34.56907857734579;
34.42763048016292;
34.28824193973567;
34.15256273128561;
34.021696928003315;
33.89636287189737;
33.77696531858639;
33.66371221480218;
33.556622818774365;
33.45557853757818;
33.36042491869638;
33.27095982202532;
33.18691135781185;
33.107971282059765;
33.033860486559256;
32.96428075279177;
32.89894830251183;
32.83759363894836;
32.779950150002;
32.72573646677364;
32.67467233240001;
32.626536796587764;
32.58113832488548;
32.538293947033864;
32.49780445481867;
32.45950320257292;
32.42324781809482;
32.388909163696596;
32.356386513582635;
32.325573739951615;
32.29631857891509;
32.26848029831975;
32.24193059349802;
32.2165621704892;
32.192301838322486;
32.16913013496499;
32.14700680466894;
32.12590499573829;
32.10576095407432;
32.08651463668602;
32.068090510125515;
32.050405139220366;
32.03338134780559;
32.01699778523892;
32.001231449762834;
31.986072996504006;
31.971461169726346;
31.957355712272154;
31.94376886582028;
31.930745843368165;
31.918230728893775;
31.90616969450307;
31.894514294709822;
31.883192909381776;
31.872163276131097;
31.86142612629868;
31.85102755826869;
31.84100037168615;
31.831324856756297;
31.821964735010035;
31.812893492165486;
31.804097329395113;
31.795553380867972;
31.78725971889991;
31.779217300732817;
31.77141513540888;
31.7638315464078;
31.756450240348485;
31.749272265409807;
31.74229629090597;
31.73550017739943;
31.72887854592068;
31.722442718577916;
31.71617937944609;
31.710081519683214;
31.704137265896406;
31.698337127362876;
31.692680411040435;
31.68715807722961;
31.681750769263324;
31.676473992010052;
31.67134283369073;
31.66638780099433;
31.661608940494617;
31.65697230613793;
31.652429283363638;
31.647968004239537;
31.64357874816649;
31.639252664994913;
31.63495630429413;
31.63072371199125;
31.626604053130997;
