----------------------
:::::::::::::::::::::::::::::::::::::::::::::::::::::::::::::::::::::::::::::::
                                     Date and Time: 2025-03-23T17:39:48.057
:::::::::::::::::::::::::::::::::::::::::::::::::::::::::::::::::::::::::::::::
local boson: T = 0.1, alpha = 1.25, N_chain = 120, maxdim = 100, cutoff = -13, tau = 0.02, jump = 10, boson_dim = 10, omega = 5;
4.859787434203807e-11;
0.061879127585930116;
0.2403542083114906;
0.5159189498888297;
0.8617051800451642;
1.2492799456933463;
1.653250155645813;
2.0537637347088675;
2.437072680468358;
2.7948529320687623;
3.122991267627007;
3.4203252622330336;
3.6875781059353456;
3.926559689790668;
4.1396159366382825;
4.329274821080918;
4.498034383453682;
4.648246479311985;
4.782061423591577;
4.901409820866881;
5.0080047127003695;
5.1033556899018775;
5.188787924143385;
5.265461759452758;
5.334393508240733;
5.396472786658172;
5.452478310134938;
5.503093775036828;
5.548919059927399;
5.590481278705076;
5.628244699414313;
5.662619120127723;
5.693965898048509;
5.722603667311455;
5.748815095054973;
5.772850095983323;
5.794929869577704;
5.815250928288487;
5.833987973558304;
5.851295906445155;
5.8673133448180135;
5.882164051060489;
5.895957420753219;
5.908791643904038;
5.920753019410495;
5.9319203411040835;
5.94236388537619;
5.952147380127347;
5.961327391753214;
5.969954961033107;
5.978075871612239;
5.98573210355723;
5.992960885226556;
5.999795871304017;
6.006267274956702;
6.012401041161984;
6.01822054129407;
6.023748477721779;
6.029006174576927;
6.034012639738926;
6.0387856617723505;
6.043341966842065;
6.047696011794669;
6.0518601860005985;
6.055845872065368;
6.059663131190677;
6.06332226891324;
6.066832862121653;
6.070204015459975;
6.073443404415933;
6.076559180150087;
6.079558301976595;
6.082447754718814;
6.08523428496933;
6.087922960756455;
6.090517280148043;
6.093020554533886;
6.095436232483484;
6.097768356250663;
6.100021198551961;
6.102199844716208;
6.104309008721279;
6.106351764206046;
6.108330986748562;
6.1102494647220915;
6.11210974994749;
6.113914707192162;
6.11566670030949;
6.117367500583412;
6.119019832659552;
6.120625169992341;
6.1221848721593775;
6.123700684202224;
6.125174319967363;
6.126607444304496;
6.128001236878665;
6.129357969416556;
6.130679198865054;
6.131965806652844;
6.133219200306789;
6.1344401492682845;
6.135629579891337;
6.136788817322921;
6.137919197745623;
6.139022205270339;
6.140099851011804;
6.14115339893711;
6.142183021853416;
6.143189320860842;
6.144172140375028;
6.145130982124592;
6.146066502143926;
6.146979675649343;
6.147871329472085;
6.1487424669350155;
6.149594786409826;
6.150429573651757;
6.151247465607993;
6.152048219127444;
6.152831021774695;
6.153595438457801;
6.154342389081054;
6.155073178571935;
6.155788809972523;
6.156490314647996;
6.157178114921413;
6.157852597801186;
6.158513711741458;
6.1591617161871195;
6.1597968072159635;
6.160419778332993;
6.161031480846614;
6.161631891430336;
6.162220685418227;
6.162797357680003;
6.163361961146548;
6.163915261693487;
6.164457857056856;
6.164989960847493;
6.165511456197908;
6.166023192584532;
6.1665268643596445;
6.167022642680291;
6.167506925237047;
6.167978002681992;
6.168443931399143;
6.168912544816007;
6.169370836639622;
6.169798121991042;
6.170213508711494;
6.170670905692943;
6.17117147374014;
6.171621196187855;
6.171945108195425;
6.1722310871647785;
6.172667354818266;
6.173293876290906;
6.173877312588054;
6.174132987826439;
6.174093378996424;
6.174176717288099;
6.174794876544846;
6.175866365306632;
6.176769623242691;
6.17687064250401;
6.176174620629284;
6.175469045176396;
6.175745189485779;
6.177330441080686;
6.179472342916374;
6.180776725429037;
6.180238660496906;
6.178104440014056;
6.175886009098707;
6.175437504356737;
6.177673256683913;
6.181801405333939;
6.185627844195893;
6.186808844079977;
6.1843090629237425;
6.179181317250675;
6.174172103812334;
6.172323276003387;
