----------------------
:::::::::::::::::::::::::::::::::::::::::::::::::::::::::::::::::::::::::::::::
                                     Date and Time: 2025-02-05T19:17:09.360
:::::::::::::::::::::::::::::::::::::::::::::::::::::::::::::::::::::::::::::::
local boson: T = 0.1, alpha = 0.1, N_chain = 160, maxdim = 80, cutoff = -12, tau = 0.002, jump = 10, boson_dim = 15, omega = 5;
5.223816637795906e-10;
5.0002037347404466e-5;
0.00597626309203868;
0.021111791678388545;
0.04381687818974371;
0.07178423960579156;
0.10288255059069287;
0.13517339824240593;
0.1670799408151314;
0.1979083061116742;
0.2267786134439693;
0.25186757412145255;
0.2755830804402861;
0.29672795206114116;
0.31549508616420774;
0.3328097016138691;
0.3483029758790499;
0.36193739478437204;
0.3746638538580428;
0.3858320925617795;
0.396066616199014;
0.4058349031529034;
0.41452656263073595;
0.4222133834011456;
0.42926439044985043;
0.4342775000931996;
0.437208622074599;
0.4418550598547052;
0.44648340472885945;
0.4501592879911067;
0.45402401359560746;
0.4577821964199462;
0.4613399829383146;
0.4654721261837519;
0.46946771367616114;
0.4734991044004594;
0.47674335629261366;
0.4792907361269913;
0.4820712600976958;
0.48465793887775;
0.48732585925050365;
0.48959568180819796;
0.4949794957214189;
0.4974750169345855;
0.498657502541474;
0.5009070735563576;
0.5027168899581926;
0.5048438921521446;
0.5068386164973838;
0.5088443224032908;
0.5103672540638812;
0.5127666389913506;
0.5154469477720053;
0.518300507963882;
0.5202705303049736;
0.5225411887729694;
0.5192711939344347;
0.520777890678068;
0.5223353715758869;
0.5234029741174154;
0.5248387932373868;
0.5262056786957614;
0.5279226518150165;
0.5301271540451941;
0.5318069418790797;
0.532728739397277;
0.5344970171190315;
0.5360374437204223;
0.5375910087286411;
0.5389688599593615;
0.5404455217566176;
0.5420616132081222;
0.5424835907319914;
