----------------------
:::::::::::::::::::::::::::::::::::::::::::::::::::::::::::::::::::::::::::::::
                                     Date and Time: 2025-03-28T21:18:18.649
:::::::::::::::::::::::::::::::::::::::::::::::::::::::::::::::::::::::::::::::
local boson: T = 0.0, alpha = 1.25, N_chain = 160, maxdim = 100, cutoff = -13, tau = 0.001, jump = 20, boson_dim = 8, omega = 5;
0.0;
0.06187322620446732;
0.24032071692321838;
0.515824752565117;
0.8615103274152958;
1.2489418942528938;
1.652726992565123;
2.053016291745751;
2.436065888421984;
2.7935562491611377;
3.1213785269683956;
3.418374287956106;
3.6852702273083953;
3.9238791699501148;
4.1365494102659826;
4.32581097089689;
4.494163721810254;
4.64396103132492;
4.777354455997201;
4.896275386280438;
5.002437860614548;
5.097352443475442;
5.1823449657284675;
5.258576677799927;
5.327063942880925;
5.388696479788262;
5.444253651746214;
5.494418879008692;
5.539792169286644;
5.580900911602197;
5.618209368069368;
5.652126944688043;
5.68301512324447;
5.711193352971392;
5.73694419365828;
5.760517941055414;
5.782136662825113;
5.801997563480909;
5.820275951733772;
5.837127860079944;
5.8526922761379465;
5.867093117725168;
5.8804409374110405;
5.892834379039934;
5.904361516947545;
5.915101098763593;
5.925123675190257;
5.934492564309509;
5.943264590120412;
5.9514906696773835;
5.959216508202699;
5.966483219905512;
5.97332778178292;
5.979783420352409;
5.98588005794958;
5.991644758768522;
5.997102129023069;
6.002274592297315;
6.007182544684111;
6.011844485707902;
6.016277220495766;
6.020496034937884;
6.024514819171607;
6.028346206401637;
6.032001781033593;
6.0354922402241336;
6.03882745233272;
6.0420164779631635;
6.045067668143205;
6.047988772021544;
6.050786994721179;
6.053469004787081;
6.056040966819818;
6.058508585186889;
6.0608771358472655;
6.063151472734334;
6.065336097191718;
6.067435306521927;
6.069453269565791;
6.07139392866125;
6.0732609511355875;
6.075057760794362;
6.076787503024151;
6.078452994774956;
6.080056777310823;
6.0816012350160396;
6.083088683518319;
6.0845214163222865;
6.085901768163298;
6.0872321194293315;
6.088514736708627;
6.08975163453534;
6.090944535013874;
6.092094963525557;
6.093204324455525;
6.094274021254014;
6.095305545885609;
6.096300477688244;
6.097260391960372;
6.098186755498734;
6.099080892126638;
6.099943969382185;
6.100776946804273;
6.10158058045374;
6.102355529828515;
6.103102495872193;
6.103822287767785;
6.1045157932409175;
6.105184009446056;
6.105827994276481;
6.106448670654158;
6.107046744036614;
6.107622842051329;
6.108177649172273;
6.108711936042135;
6.109226516268912;
6.10972217392283;
6.1101996048220775;
6.110659368913562;
6.111101897925562;
6.111527571009515;
6.111936838001178;
6.112330294435605;
6.11270857897792;
6.113072272559867;
6.113421859407377;
6.113757693574771;
6.114080033587378;
6.114389107246158;
6.114685196241612;
6.114968729005189;
6.1152401965225085;
6.115499950920578;
6.115748140501221;
6.1159848469924;
6.11621026429354;
6.116424727672751;
6.116628617466287;
6.116822278031593;
6.117005980725269;
6.11717992858785;
6.117344249870211;
6.117499069852273;
6.117644665173885;
6.117781456238699;
6.117909877655211;
6.118030255636317;
6.1181427767234045;
6.118247514967329;
6.118344522343778;
6.118433880775809;
Date and Time: 2025-03-28T22:12:02.683
Output: local boson: T = 0.0, alpha = 1.25, N_chain = 160, maxdim = 100, cutoff = -13, tau = 0.001, jump = 20, boson_dim = 8, omega = 5
[0.0, 0.06187322620446732, 0.24032071692321838, 0.515824752565117, 0.8615103274152958, 1.2489418942528938, 1.652726992565123, 2.053016291745751, 2.436065888421984, 2.7935562491611377, 3.1213785269683956, 3.418374287956106, 3.6852702273083953, 3.9238791699501148, 4.1365494102659826, 4.32581097089689, 4.494163721810254, 4.64396103132492, 4.777354455997201, 4.896275386280438, 5.002437860614548, 5.097352443475442, 5.1823449657284675, 5.258576677799927, 5.327063942880925, 5.388696479788262, 5.444253651746214, 5.494418879008692, 5.539792169286644, 5.580900911602197, 5.618209368069368, 5.652126944688043, 5.68301512324447, 5.711193352971392, 5.73694419365828, 5.760517941055414, 5.782136662825113, 5.801997563480909, 5.820275951733772, 5.837127860079944, 5.8526922761379465, 5.867093117725168, 5.8804409374110405, 5.892834379039934, 5.904361516947545, 5.915101098763593, 5.925123675190257, 5.934492564309509, 5.943264590120412, 5.9514906696773835, 5.959216508202699, 5.966483219905512, 5.97332778178292, 5.979783420352409, 5.98588005794958, 5.991644758768522, 5.997102129023069, 6.002274592297315, 6.007182544684111, 6.011844485707902, 6.016277220495766, 6.020496034937884, 6.024514819171607, 6.028346206401637, 6.032001781033593, 6.0354922402241336, 6.03882745233272, 6.0420164779631635, 6.045067668143205, 6.047988772021544, 6.050786994721179, 6.053469004787081, 6.056040966819818, 6.058508585186889, 6.0608771358472655, 6.063151472734334, 6.065336097191718, 6.067435306521927, 6.069453269565791, 6.07139392866125, 6.0732609511355875, 6.075057760794362, 6.076787503024151, 6.078452994774956, 6.080056777310823, 6.0816012350160396, 6.083088683518319, 6.0845214163222865, 6.085901768163298, 6.0872321194293315, 6.088514736708627, 6.08975163453534, 6.090944535013874, 6.092094963525557, 6.093204324455525, 6.094274021254014, 6.095305545885609, 6.096300477688244, 6.097260391960372, 6.098186755498734, 6.099080892126638, 6.099943969382185, 6.100776946804273, 6.10158058045374, 6.102355529828515, 6.103102495872193, 6.103822287767785, 6.1045157932409175, 6.105184009446056, 6.105827994276481, 6.106448670654158, 6.107046744036614, 6.107622842051329, 6.108177649172273, 6.108711936042135, 6.109226516268912, 6.10972217392283, 6.1101996048220775, 6.110659368913562, 6.111101897925562, 6.111527571009515, 6.111936838001178, 6.112330294435605, 6.11270857897792, 6.113072272559867, 6.113421859407377, 6.113757693574771, 6.114080033587378, 6.114389107246158, 6.114685196241612, 6.114968729005189, 6.1152401965225085, 6.115499950920578, 6.115748140501221, 6.1159848469924, 6.11621026429354, 6.116424727672751, 6.116628617466287, 6.116822278031593, 6.117005980725269, 6.11717992858785, 6.117344249870211, 6.117499069852273, 6.117644665173885, 6.117781456238699, 6.117909877655211, 6.118030255636317, 6.1181427767234045, 6.118247514967329, 6.118344522343778, 6.118433880775809]
----------------------
----------------------
:::::::::::::::::::::::::::::::::::::::::::::::::::::::::::::::::::::::::::::::
                                     Date and Time: 2025-03-29T14:23:13.524
:::::::::::::::::::::::::::::::::::::::::::::::::::::::::::::::::::::::::::::::
local boson: T = 0.0, alpha = 1.25, N_chain = 180, maxdim = 100, cutoff = -14, tau = 0.001, jump = 20, boson_dim = 8, omega = 5;
0.0;
0.06187288421672697;
0.2403180629193694;
0.5158162218961042;
0.861491340526134;
1.248907480333275;
1.6526723424332495;
2.052937114483542;
2.4359585481598227;
2.7934177998973486;
3.12120670338719;
3.418167408352156;
3.685027038935882;
3.9235987478719316;
4.136231115462798;
4.325454394710992;
4.493768592577805;
4.643527167513383;
4.776881751234149;
4.895763835861983;
5.001887559098828;
5.096763536540967;
5.181717631947122;
5.257911142278491;
5.326360475522187;
5.387955340464406;
5.443475070568426;
5.493603020936284;
5.538939148281353;
5.580010900834721;
5.6172826177898285;
5.65116364333018;
5.682015315817752;
5.710157009041781;
5.735871354614613;
5.759408765204232;
5.78099137471486;
5.800816442168095;
5.819059292800107;
5.835875890376902;
5.851405114308637;
5.865770765948309;
5.8790833107062035;
5.891441373394625;
5.90293305714151;
5.913637157649436;
5.923624234676836;
5.932957528385352;
5.941693756630004;
5.949883842901902;
5.957573556249441;
5.964804036275035;
5.971612267726098;
5.978031550274427;
5.984091946647309;
5.989820647732724;
5.995242276767229;
6.000379152534572;
6.005251545744025;
6.009877875632432;
6.014274887834151;
6.018457847971497;
6.022440703007812;
6.026236184320999;
6.029855928998358;
6.033310622494902;
6.036610128577053;
6.039763560413016;
6.04277930915447;
6.045665071734915;
6.048427923475353;
6.0510744227830475;
6.053610684867125;
6.0560424188864275;
6.058374971672328;
6.060613354094365;
6.062762222223847;
6.064825884891147;
6.066808352655577;
6.068713390934899;
6.070544558139412;
6.0723052075542965;
6.073998469652486;
6.075627258912644;
6.077194309100519;
6.078702209307752;
----------------------
:::::::::::::::::::::::::::::::::::::::::::::::::::::::::::::::::::::::::::::::
                                     Date and Time: 2025-03-29T14:54:45.519
:::::::::::::::::::::::::::::::::::::::::::::::::::::::::::::::::::::::::::::::
local boson: T = 0.0, alpha = 1.25, N_chain = 180, maxdim = 100, cutoff = -13, tau = 0.001, jump = 20, boson_dim = 8, omega = 5;
0.0;
0.0618728856367717;
0.24031807134448058;
0.5158162348772104;
0.8614913595877927;
1.2489075219851438;
1.6526724108530466;
2.052937190369297;
2.435958620116906;
2.7934178635097067;
3.1212067218484267;
3.41816732149812;
3.685026819128277;
3.923598407755341;
4.136230668689214;
4.325453845999901;
4.493767977106184;
4.643526556898409;
4.776881236486041;
4.895763472605171;
5.001887354238207;
5.096763482149431;
5.1817177155135274;
5.257911325726182;
5.326360687488404;
5.387955517840611;
5.44347516717044;
5.493603037156413;
5.538939120115289;
5.580010802318886;
5.617282358267512;
5.651163218065281;
5.682014893753514;
5.710156856251081;
5.735871666641621;
5.75940960095129;
5.780992689123392;
5.800818082475967;
5.819061027343337;
5.835877486285949;
5.85140638424778;
5.865771592229977;
5.879083638024617;
5.891441164565538;
5.902932261012547;
5.913635694589301;
5.923622039895966;
5.932954648270906;
5.941690385727275;
5.949880210168885;
5.957569860658548;
5.964800478782351;
5.97160905977311;
5.978028838997341;
5.98408974057043;
5.989818820427033;
5.995240668779259;
6.000377696659586;
6.005250297183619;
6.009876965577754;
6.014274485615489;
6.018458107211767;
6.022441689266071;
6.026237846165087;
6.029858159640094;
6.033313329788785;
6.03661321699615;
6.039766864495607;
6.042782599534357;
6.045668157954495;
6.0484307551813306;
6.051077068541928;
6.05361325250773;
6.056044997694878;
6.058377597741243;
6.060615948472874;
6.062764588195547;
6.064827827523874;
6.066809792967897;
6.068714339418326;
6.07054506240867;
6.072305370399938;
6.07399846621027;
6.075627260466568;
6.077194399338518;
6.078702340605847;
6.080153427460553;
6.081549932220593;
6.082894160627838;
6.084188492983827;
6.085435211320993;
6.086636307101669;
6.087793443631181;
6.088908121432039;
6.089981788495862;
6.091015897635591;
6.092011940576653;
6.0929713996747825;
6.093895642852756;
6.0947858976429785;
6.0956433656196305;
6.096469259752772;
6.097264745912623;
6.09803089599924;
6.098768669812569;
6.099478925514011;
6.100162502028838;
6.1008202861882745;
6.101453274902928;
6.102062521505926;
6.102648936661568;
6.103213209284981;
6.10375590363598;
6.104277566555679;
6.104778795418975;
6.105260256070144;
6.105722631280751;
6.106166587372361;
6.106592747328833;
6.107001640138088;
6.107393712166079;
6.107769424435627;
6.108129269372121;
6.108473691479897;
6.108803074641346;
6.109117806990918;
6.10941830679521;
6.109704972043537;
6.109978165423581;
6.110238229773962;
6.110485537644291;
6.110720478473474;
6.110943373452228;
6.111154446183148;
6.111353918843196;
6.111542130071707;
6.111719540273818;
6.111886662647684;
6.1120440099437;
6.1121919855155635;
6.112330822121463;
6.112460588316532;
6.112581317701078;
6.112693224103488;
6.112796731094097;
6.112892287870634;
6.112980208258304;
6.113060682452771;
6.113133859604288;
6.113199879412877;
6.11325882673508;
6.113310727306061;
6.11335563006386;
6.113393689244923;
6.113425103524083;
6.113450002077624;
6.113468437254694;
6.113480486408978;
6.113486283198447;
6.1134859393554075;
6.11347955397126;
6.113467309602918;
6.113449457134034;
6.11342619466056;
6.113397594111217;
6.113363664741578;
6.113324433851324;
6.1132799735359535;
6.113230420217589;
6.1131759942734325;
6.1131169616177345;
6.113053532589191;
6.112985776462595;
6.112913685837187;
6.112837301140754;
6.112756715940598;
6.112672034716352;
6.112583337180162;
6.112490666278013;
6.112394095762761;
6.112293736640847;
6.112189671899921;
6.112081933247902;
6.111970554090929;
6.11185565889035;
6.11173746084222;
6.111616153003471;
6.1114918184001095;
6.111364457650111;
6.111234136290677;
6.111101010714914;
6.110965172423155;
6.110826627453514;
6.110685421768062;
6.110541684557914;
6.110395542047674;
6.110247029680496;
6.110096137446704;
6.109942878809451;
6.109787286514694;
6.109629420924617;
6.109469369031696;
6.109307224042501;
6.109143087675907;
6.10897704713376;
6.108809179529441;
6.108639551615129;
6.108468182739008;
6.108295026478944;
6.1081199927243865;
6.107942991946395;
6.1077637647212395;
6.107581951653725;
6.1073979778242595;
6.107213174510951;
6.107027204195443;
6.106836891920957;
6.106641925823644;
6.106449212272435;
6.106262090262289;
6.106068140702858;
6.105856031460753;
6.105643789176412;
6.105459962403746;
6.1052889073355;
6.10507631245421;
6.10481456962156;
6.104579826662619;
6.104434193984842;
6.1043149984650595;
6.104089488735645;
6.103736557210764;
6.103414648874195;
6.103288701567192;
6.103303201121628;
6.103197058271338;
6.102789200776908;
6.102224733663582;
6.101873853346371;
6.101945960664989;
6.102217627029843;
6.102193729710587;
6.101587561835466;
6.100657994203608;
6.1000419063169575;
6.100188549584976;
6.100897630556215;
6.101406519712017;
6.101002414267498;
