----------------------
:::::::::::::::::::::::::::::::::::::::::::::::::::::::::::::::::::::::::::::::
                                     Date and Time: 2025-03-23T20:55:44.882
:::::::::::::::::::::::::::::::::::::::::::::::::::::::::::::::::::::::::::::::
local boson: T = 0.1, alpha = 0.25, N_chain = 120, maxdim = 100, cutoff = -13, tau = 0.02, jump = 10, boson_dim = 7, omega = 5;
1.6715733764602767e-10;
0.012375825163975366;
0.0480708245237993;
0.10318365436208117;
0.1723405691184477;
0.24985528692519673;
0.3306507037323257;
0.4107600363024096;
0.48744032852916425;
0.5590366393675144;
0.6247391131782883;
0.6843302953650428;
0.7379710897355521;
0.7860398982376009;
0.8290213496663572;
0.8674346577216321;
0.9017905333775614;
0.9325674203554972;
0.960200350947027;
0.9850772235933511;
1.0075393955536882;
1.0278848697899945;
1.0463725087010616;
1.0632264635674347;
1.0786405575894193;
1.0927822957534958;
1.105796544991943;
1.1178087184295113;
1.1289273641132256;
1.1392471416909464;
1.1488502495586312;
1.157808685002928;
1.1661855227430968;
1.1740360004993498;
1.181408741078652;
1.1883466091719324;
1.194887415596337;
1.201064770576987;
1.2069088364338671;
1.2124468418785947;
1.2177032052357417;
1.2226995366830973;
1.227454967814639;
1.2319864975346324;
1.2363094602795455;
1.2404375278423454;
1.244383398029819;
1.248158873914237;
1.251774846474365;
1.2552414039728412;
1.258567755058096;
1.2617620752570249;
1.2648318509425096;
1.2677841111819597;
1.2706253369170595;
1.2733616694857055;
1.2759987368172123;
1.2785416373540401;
1.2809950490137074;
1.283363414197976;
1.2856508284656505;
1.287861063691031;
1.2899975347861403;
1.292063435568765;
1.2940617666602456;
1.2959953538794327;
1.297867086130295;
1.2996797119439063;
1.301435764314436;
1.303137402236045;
1.3047866275810716;
1.3063854319953225;
1.307935639824;
1.3094393997714393;
1.3108984406065167;
1.3123144197480396;
1.3136888209124018;
1.3150228042656322;
1.3163174194716225;
1.3175740466462518;
1.3187941852870433;
1.319979268865451;
1.321130669027154;
1.3222495039753617;
1.3233367709665678;
1.3243934555047252;
1.3254203082884817;
1.3264184015164702;
1.3273887621304004;
1.3283324496422835;
1.3292503297540856;
1.3301430182700837;
1.3310110718317367;
1.3318549493425695;
1.3326753814463435;
1.3334733233003822;
1.3342496050673522;
1.3350049206862924;
1.3357398188193181;
1.3364548760249517;
1.3371503057958687;
1.3378263346523094;
1.3384834764717812;
1.3391223167435666;
1.3397436708260835;
1.3403481782501485;
1.3409363304704467;
1.3415083551486804;
1.342064468982004;
1.3426049012043872;
1.3431298505203426;
1.3436395834786548;
1.3441344560806954;
1.3446151189423818;
1.3450821991605675;
1.3455363400438207;
1.3459781050150053;
1.3464079404167224;
1.3468263273256154;
1.347233201952645;
1.3476285845320897;
1.3480123744718289;
1.3483846738565155;
1.3487457507357823;
1.3490959745378062;
1.349435660145947;
1.3497651523136966;
1.350084577061752;
1.3503939293762341;
1.3506933881385916;
1.3509835735255524;
1.3512651533384261;
1.3515385423728707;
1.351803728442919;
1.3520606366603263;
1.352309308731559;
1.3525498846109285;
1.3527824635282473;
1.3530071706960076;
1.3532242818082691;
1.3534341090513227;
1.3536369481123236;
1.3538328517926446;
1.3540217916481498;
1.3542039856430395;
1.354379893765978;
1.3545499712322364;
1.354714391867947;
1.354873058324302;
1.3550259769624764;
1.3551733573920925;
1.3553153690688096;
1.3554515674334362;
1.3555811439987704;
1.3557044372570757;
1.3558233993833655;
1.3559388050106513;
1.3560479854681269;
1.356148173255077;
1.3562426695701972;
1.356339519472384;
1.3564410592761444;
1.3565370457526649;
1.3566140980828374;
1.3566737314889998;
1.3567365016642423;
1.356822063175557;
1.3569239394672497;
1.357008287816848;
1.357044086286488;
1.3570384818406576;
1.3570405635365888;
1.3571029594265795;
1.3572317838239614;
1.3573700906786437;
1.3574349412154527;
1.357383290329716;
1.357255394136101;
1.3571578788606036;
1.357193592833712;
1.357384715586177;
1.3576442381185436;
1.3578200912157532;
1.3577880585856337;
1.3575365455464872;
1.3571885692551164;
1.356943229403489;
1.3569665944050961;
1.3572927280237042;
1.3577907025258662;
1.3582188248760727;
1.358340946962765;
1.3580477913188682;
1.3574221683783725;
1.3567146984990481;
1.3562396776933698;
1.356236311910861;
1.3567574250491856;
1.3576337979165747;
1.3585308758989687;
1.3590760684035672;
1.3590053638598238;
1.3582725712143537;
1.3570779278465017;
1.355806258904863;
1.3548960369039333;
1.354687599709186;
1.3553024329001224;
1.3565941996028035;
1.3581873260166435;
1.3595892597098236;
1.360340074910764;
1.360152797161041;
1.3590035149292319;
1.3571447974329873;
1.3550403836078855;
1.3532412125294249;
1.35223792521518;
1.3523295618957736;
1.353543104962787;
1.3556229748732607;
1.3580913120841782;
1.360361774562978;
1.3618780640011483;
1.3622434850221141;
1.3613121757401996;
1.3592218645106366;
1.3563642482748863;
1.3533014288601322;
1.350648346249785;
1.3489468190629748;
1.3485571498733198;
1.3495880316367677;
1.351877147715711;
1.3550239589416928;
1.3584658713510906;
