----------------------
:::::::::::::::::::::::::::::::::::::::::::::::::::::::::::::::::::::::::::::::
                                     Date and Time: 2025-03-28T12:18:59.005
:::::::::::::::::::::::::::::::::::::::::::::::::::::::::::::::::::::::::::::::
local boson: T = 0.0, alpha = 1.25, N_chain = 130, maxdim = 90, cutoff = -13, tau = 0.02, jump = 10, boson_dim = 8, omega = 5;
0.0;
0.9217880869208382;
3.512538701563325;
7.3128992493870655;
11.73831206985419;
16.24440425734647;
20.430892651748252;
24.06807331369353;
27.070688462516298;
29.451421886966855;
31.27680439084737;
32.6351318433346;
33.61631757271416;
34.30137298447248;
34.7574477887608;
35.039466343932574;
35.19220214060563;
35.2496662779325;
35.23836450134746;
35.17928497943091;
35.08636674339001;
34.97113995154503;
34.841314258501505;
34.702695969023715;
34.56018388577549;
34.417395796137775;
34.27687858640054;
34.14031415133875;
34.00874656964008;
33.88270374854523;
33.76233160426382;
33.64792187072366;
33.539782336081565;
33.43757623882476;
33.34133424320079;
33.250793155168296;
33.16556718306993;
33.085317816557556;
33.00970411554597;
32.93889683184951;
32.87208997844623;
32.80962795283156;
32.75133340499224;
32.69671417382784;
32.64520155331156;
32.596654288058645;
32.55059145501286;
32.5070549110502;
32.46582511913112;
32.426671648499216;
32.38960701652719;
32.35427628671847;
32.32033414994832;
32.28821558234959;
32.25779467740637;
32.22919265500763;
32.202298585120815;
32.1764031494402;
32.15096467332564;
32.12627017794766;
32.103289732654154;
32.08197148386391;
32.061984153562115;
32.04273318820544;
32.023736389166885;
32.00520446002716;
31.987390421849128;
31.970603185965935;
31.95440063627983;
31.938644892893706;
31.9235701946281;
31.90886558669782;
31.894886004200615;
31.881371964219376;
31.86819662358296;
31.8553163880161;
31.842579311469137;
31.83035527205103;
31.81914189043252;
31.808463996096663;
31.79821633014214;
31.78806681135066;
31.77792895985754;
31.76773335681819;
31.758050124025438;
31.748951190643567;
31.73999659689889;
31.731030552950024;
31.72184779060425;
31.71333835208648;
