----------------------
:::::::::::::::::::::::::::::::::::::::::::::::::::::::::::::::::::::::::::::::
                                     Date and Time: 2025-03-31T20:44:32.815
:::::::::::::::::::::::::::::::::::::::::::::::::::::::::::::::::::::::::::::::
local boson: T = 1.0, alpha = 1.25, N_chain = 180, maxdim = 50, cutoff = -13, tau = 0.002, jump = 10, boson_dim = 9, omega = 5;
0.0;
0.06186700037866293;
----------------------
:::::::::::::::::::::::::::::::::::::::::::::::::::::::::::::::::::::::::::::::
                                     Date and Time: 2025-03-31T20:46:42.368
:::::::::::::::::::::::::::::::::::::::::::::::::::::::::::::::::::::::::::::::
local boson: T = 1.0, alpha = 1.25, N_chain = 180, maxdim = 50, cutoff = -13, tau = 0.002, jump = 10, boson_dim = 9, omega = 5;
0.0;
0.06186700037866296;
0.24030946420201849;
0.5158295571476766;
0.86156648488665;
1.2490897916260126;
1.653003416922935;
2.0534485778586946;
2.4366693263377512;
2.7943341044224637;
3.1223238551237325;
3.4194728353227957;
3.686503840653845;
3.9252292811410117;
4.138000268439252;
4.327352387773879;
4.4957931845423715;
4.645685129271661;
4.779189542301591;
4.898247634565628;
5.004582877075055;
5.099714439356585;
5.184975512197441;
5.261533138750364;
5.330407659567269;
5.392490798533403;
5.448562105595576;
5.499303573812434;
5.545312405747853;
5.587111992433723;
5.625161575723025;
5.659864729194387;
5.691576641588678;
5.720610378402105;
5.74724243342304;
5.771717537196466;
5.794252626942672;
5.8150401497477215;
5.834250932964425;
5.852036814681334;
5.8685329062377365;
5.88385959286355;
5.898124340144976;
5.91142324120438;
5.923842226217563;
5.935458150788293;
5.946339827176869;
5.956548923934801;
5.966140733183035;
5.9751648464497675;
5.983665856959471;
5.991684014403737;
5.999255741416311;
6.006413914554073;
6.013188153474396;
6.019605187430168;
6.025689159475821;
6.0314619679784895;
6.036943577906735;
6.042152235665207;
6.047104590829323;
6.051815853153862;
6.056300021329413;
6.060570058024131;
6.064637872328423;
6.068514365274809;
6.072209582279707;
6.075732864719258;
6.079092997735825;
6.082298159709486;
6.085355905156326;
6.088273295786947;
6.091056966347493;
6.093713101537458;
6.096247492842857;
6.098665652916028;
6.100972833673643;
6.1031740139105235;
6.105273998060954;
6.107277415876783;
6.109188652575389;
6.1110118927665225;
6.112751241564372;
6.114410727045081;
6.11599425635132;
6.117505628897569;
6.118948415992134;
6.120325857381305;
6.121640914109259;
6.122896367594477;
6.124094945859294;
6.125239409310373;
6.1263324669507995;
6.127376747561151;
6.128374892448756;
6.129329579386037;
6.13024339765773;
6.131118791066933;
6.131958207187208;
6.132764181498197;
6.133539145151468;
6.1342851783563415;
6.1350040443602785;
6.135697462327934;
6.136367284730755;
6.13701541248814;
6.137643670582352;
6.138253816740879;
6.138847604666195;
6.139426801325399;
6.139993214090564;
6.140548627202214;
6.141094696160968;
6.141632902098286;
6.1421645483240805;
6.142690836720133;
6.143213017432042;
6.143732516347456;
6.144250926491896;
6.144769778420243;
6.145290341864913;
6.145813655576289;
6.146340676094882;
6.14687239197604;
6.147409752631097;
6.147953568044807;
6.148504624830224;
6.149063874573112;
6.149632491382657;
6.1502117023058505;
6.1508025802255295;
6.151405989612653;
6.152022686536183;
6.152653385240283;
6.153298756049705;
6.15395936888368;
6.154635732222226;
6.1553284319543975;
6.156038127714455;
6.156765404154171;
6.157510750437473;
6.158274622395375;
6.159057521121196;
6.159860041911402;
6.16068284542153;
6.16152652391947;
6.162391470160873;
6.163277924502486;
6.164186112386072;
6.165116203062689;
6.166068285743602;
6.16704248548673;
6.168039042296032;
6.169058270955491;
6.170100447063804;
6.171165768334561;
6.172254397352087;
6.173366472638921;
6.174502064482428;
6.175661199805733;
6.17684396097522;
6.17805051021824;
6.179280993238757;
6.180535482176409;
6.1818139715070055;
6.183116411119727;
6.184442720307919;
6.185792795512301;
6.187166502865301;
6.188563645166531;
6.189984010461949;
6.191427507341046;
6.192894189011066;
