----------------------
:::::::::::::::::::::::::::::::::::::::::::::::::::::::::::::::::::::::::::::::
                                     Date and Time: 2025-03-24T13:14:51.975
:::::::::::::::::::::::::::::::::::::::::::::::::::::::::::::::::::::::::::::::
local boson: T = 2.0, alpha = 0.25, N_chain = 120, maxdim = 100, cutoff = -13, tau = 0.02, jump = 6, boson_dim = 8, omega = 5;
6.352892767236936e-10;
0.18732906025878832;
0.7141825600601487;
1.4885260287526176;
2.3932694461937603;
3.31930108482461;
4.186234844612468;
4.947836870104113;
5.5868297467670835;
6.105556394876871;
6.517097799904594;
6.838767829407362;
7.088107210447152;
7.280864129379915;
7.430229334109665;
7.546778851271316;
7.6387380277389445;
7.712374464537796;
7.772391137302305;
7.822279957627882;
7.864613621111575;
7.901264318723706;
7.933599693952756;
7.962622147879376;
7.9890673642015395;
8.013444593960264;
8.03611084404182;
8.057348443323713;
8.077352975838982;
8.096274320280148;
8.114217949777144;
8.131264126179213;
8.147485847060068;
8.162913540178481;
8.177593819904773;
8.191572057493039;
8.204910335949112;
8.217629798174901;
8.229758578900928;
8.241331006578434;
8.25235549745763;
8.262841069998586;
8.27281953490335;
8.282324325263259;
8.29138646145279;
8.300028607762549;
8.308269994672335;
8.316119078289612;
8.3235755743946;
8.330646957348042;
8.337352613855314;
8.343712263964608;
8.3497398587024;
8.355450053557545;
8.360856541331371;
8.365990607423624;
8.370870853857069;
8.375508061185398;
8.379907764398014;
8.384064443318389;
8.38796091009007;
8.391597878321003;
8.394977527746594;
8.398115613454106;
8.40103265908519;
8.403742500910909;
8.406253972001785;
8.408588682398877;
8.410751413407061;
8.412738654449104;
8.41454986725552;
8.416186994572545;
8.41765760381983;
8.418970590082807;
8.420133708169024;
8.421148676560357;
8.422027711092094;
8.422775672755424;
8.423401635494145;
8.423904541606518;
8.42428235261;
8.424526689686164;
8.424636192045524;
8.424629112826617;
8.424514355726066;
8.424295457285128;
8.423978004584777;
8.423561801164503;
8.423026424852875;
8.422370754836734;
8.421610345975793;
8.420746321355695;
8.419783689177478;
8.41873529284558;
8.417606035376448;
8.41639302237878;
8.415090702625891;
8.413713694894028;
8.412257482139493;
8.41073198442553;
8.409138341270493;
8.40748461346606;
8.405757736047892;
8.403953546107013;
8.402071194054255;
8.400126058143991;
8.398146516117736;
8.396133854208738;
8.39407365958742;
8.39196455770915;
8.38979293389633;
----------------------
:::::::::::::::::::::::::::::::::::::::::::::::::::::::::::::::::::::::::::::::
                                     Date and Time: 2025-03-24T15:02:19.478
:::::::::::::::::::::::::::::::::::::::::::::::::::::::::::::::::::::::::::::::
local boson: T = 2.0, alpha = 0.25, N_chain = 120, maxdim = 100, cutoff = -13, tau = 0.02, jump = 10, boson_dim = 9, omega = 5;
7.8188179771563e-6;
0.1873244011581121;
0.7141766575163342;
1.4885235040161038;
2.3932715839187306;
3.319307082097309;
4.186244801532108;
4.947847872858292;
5.586833664594443;
6.10555504876942;
6.517102855423286;
6.8387770111658215;
7.088130016277352;
7.280912872659009;
7.4303186983606375;
7.5469231966651265;
7.638952961780724;
7.7126739806248885;
7.772789016627488;
7.822788307641188;
7.865236702370376;
7.902012704329991;
7.934491798241347;
7.963659922829859;
7.990243033291529;
8.01475893451636;
8.037581757028983;
8.058981527291737;
8.079157623259466;
8.09825760660269;
8.11639267461375;
8.133647513691853;
8.150087996394198;
8.165767236628984;
8.180731776489267;
8.195022700121026;
8.2086648562309;
8.221682507719027;
8.23411765433376;
8.246008002519073;
8.257374987951286;
8.268238205773311;
8.27861105218661;
8.28850965201596;
8.297963337470804;
8.306995878551426;
8.315633699844554;
8.323896703314876;
8.331798642185722;
8.33934852053354;
8.346558337561303;
8.353435888444587;
8.35998667536671;
8.366225813122593;
8.37217455959579;
8.377852879229497;
8.383271301809748;
8.388430783003958;
8.393329459614593;
8.397972973968278;
8.402380094998314;
8.406566414522732;
8.410547082053764;
8.414330177052607;
8.417909423588052;
8.421281296536154;
8.424449468078777;
8.427422418570634;
8.430215040936934;
8.432834191537543;
8.435278227415388;
8.43754934564455;
8.439657854196588;
8.44161582371411;
8.443421258045237;
8.445066420897145;
8.44654650186287;
8.44786332941651;
8.449027904202346;
8.45005853831838;
8.450966500617035;
8.451752246465805;
8.45241180501199;
8.452936297155599;
8.453316563706345;
8.453559855368168;
8.453679799248127;
8.453686457320156;
8.45358405405949;
8.453369174701914;
8.453041827833095;
8.452604972919001;
8.452072814523353;
8.451447161497342;
8.45072555784028;
8.449898225481746;
8.448960770894368;
8.447924274145901;
8.446795188958255;
8.445580276546028;
8.444288803090696;
8.442938969067715;
8.441538139059652;
8.440068473685725;
8.438512678286628;
8.43687098957146;
8.4351554068176;
8.43337453669466;
8.431524006019957;
8.42960445641653;
8.427627018011767;
8.425597323916556;
8.42351474294434;
8.421384206884763;
8.41921055734371;
8.417005325587294;
8.414779276199951;
8.412528523755531;
8.410239070906961;
8.407899407470389;
8.405522179239215;
8.403132902999115;
8.400749354609921;
8.398362991096228;
8.395961517739408;
8.3935312652907;
8.39107636846702;
8.388605674834542;
8.386120896494592;
8.383622923826106;
8.381118261349146;
8.378612280738132;
8.376111117988755;
8.373625911295946;
8.37115380831516;
8.368686611570602;
8.366217434038138;
8.363737362392758;
----------------------
:::::::::::::::::::::::::::::::::::::::::::::::::::::::::::::::::::::::::::::::
                                     Date and Time: 2025-03-24T19:53:01.673
:::::::::::::::::::::::::::::::::::::::::::::::::::::::::::::::::::::::::::::::
local boson: T = 2.0, alpha = 0.25, N_chain = 120, maxdim = 100, cutoff = -13, tau = 0.02, jump = 10, boson_dim = 9, omega = 5;
4.739392693194405e-12;
0.1873243258854659;
0.7141763785776901;
1.4885229771220483;
2.3932708881376787;
3.3193063660402795;
4.186244190105879;
4.947847429444107;
5.586833401128895;
6.105554944498247;
6.517102866385787;
6.8387770812121875;
7.088130092814955;
7.2809129173137865;
7.430318691802269;
7.54692313645654;
7.638952854633563;
7.712673838784952;
7.772788851835582;
7.822788129775731;
7.865236520147128;
7.902012525766827;
7.934491631995662;
7.9636597736353;
7.990242904020725;
8.01475882602405;
8.037581666405273;
8.058981450321893;
8.079157553702768;
8.098257543904538;
8.116392617533192;
8.133647464074297;
8.150087956758284;
8.165767203878382;
8.18073175022042;
8.195022687192083;
8.208664862860674;
8.221682526009651;
8.234117661843074;
8.246007978647063;
8.257374928679075;
8.268238123345924;
8.278610969756377;
8.28850958997178;
8.297963303243582;
8.306995870657046;
8.315633711180293;
8.323896726303671;
8.331798671212393;
8.33934855391368;
8.34655837567261;
8.353435930904842;
8.35998672012721;
8.3662258612195;
8.372174607728134;
8.377852924655398;
8.383271344181663;
8.388430826941853;
8.393329510655699;
8.397973032695802;
8.402380158350411;
8.40656647649506;
8.410547138790605;
8.414330229267478;
8.417909475460574;
8.421281351914205;
8.424449527797155;
8.42742247990094;
8.430215101543089;
8.432834251868162;
8.435278287085032;
8.437549401669303;
8.439657903282544;
8.441615866980571;
8.44342130079491;
8.445066472198322;
8.446546569681319;
8.447863413470753;
8.449027994161783;
8.450058621676341;
8.450966572067427;
8.45175230945118;
8.452411870166298;
8.452936372178335;
8.45331664506508;
8.453559934645668;
8.45367987197134;
8.453686525953191;
8.453584124279034;
8.453369252322629;
8.453041916044784;
8.452605069546328;
8.452072914440787;
8.451447258368363;
8.450725645813575;
8.449898300306593;
8.448960830072107;
8.447924318866264;
8.446795223664854;
8.445580306813934;
8.444288835266375;
8.44293901093184;
8.441538197866477;
8.440068553393802;
8.438512778272223;
8.436871102305819;
8.435155520963537;
8.433374643461237;
8.431524101658873;
8.429604542139838;
8.427627097686191;
8.425597402173716;
8.42351482169154;
8.421384284997638;
8.419210637613542;
8.417005401198159;
8.414779346516369;
8.41252852602565;
8.410239070988727;
8.407899409654991;
8.405522158181856;
8.403132906167928;
8.400749368911566;
8.398363031757972;
8.39596157354153;
8.393531343239234;
8.391076480990964;
8.388605776449317;
8.386120968369884;
8.383622985234732;
8.381118304999486;
8.378612315887814;
8.376111155053259;
8.373625952961401;
8.37115388169972;
8.368686662899524;
8.366217408223722;
8.363737356852758;
8.361246481235819;
8.358754942201076;
8.356281748772114;
8.353838329684393;
8.3514203728157;
8.349016978339161;
8.346619428231396;
8.344228354436966;
8.341847022755154;
8.339481094086068;
8.337146715045886;
8.334860659675092;
