----------------------
:::::::::::::::::::::::::::::::::::::::::::::::::::::::::::::::::::::::::::::::
                                     Date and Time: 2025-03-25T15:27:57.298
:::::::::::::::::::::::::::::::::::::::::::::::::::::::::::::::::::::::::::::::
local boson: T = 0.0, alpha = 1.25, N_chain = 130, maxdim = 100, cutoff = -13, tau = 0.02, jump = 10, boson_dim = 8, omega = 5;
0.0;
0.9217892181176522;
3.5125324704422294;
7.31281754744824;
11.738150588295962;
16.244322694586764;
20.430908268385117;
24.068086513892002;
27.07047898312874;
29.450983381126072;
31.276384837503556;
32.63420998588218;
33.61433947057148;
34.2975977189145;
34.75258911407364;
35.034961693259845;
35.1887206809388;
35.24771932535374;
35.23800288809465;
35.1792683257268;
35.08655017783258;
34.971040855397845;
34.84124952609318;
34.7034080303611;
34.562124195004536;
34.41987376125564;
34.27979036859526;
34.14360572056385;
34.012458951672144;
33.886532072896884;
33.766721948735395;
33.65306070906723;
33.54551136695565;
33.44396997576651;
33.34802849685901;
33.25785056183875;
33.173436492146465;
33.09427538918535;
33.020105056609324;
32.950359423873266;
32.884913649129494;
32.8231953222673;
32.76516531947948;
32.710545361783836;
32.65926817205261;
32.611252119340016;
32.566084288669146;
32.52347273830376;
32.48305553266498;
32.444813079027846;
32.40884139503908;
32.374893966372476;
32.34283829295303;
32.31234722306889;
32.28346156097299;
32.25598313357542;
32.22962424091184;
32.20446001346244;
32.180123515357664;
32.156577261890725;
32.134049199171166;
32.11309201470704;
32.09291041743658;
32.07328936702598;
32.05448895043395;
32.03621817934791;
32.01843162825152;
32.00138267194967;
31.98550700576932;
31.97027332839231;
31.95536620259093;
31.94090656228159;
31.926675516670308;
31.9132874232791;
31.900361002861487;
31.88814398640111;
31.876613672223115;
31.865679871430636;
31.854951439127568;
31.84413749235317;
31.833317666183362;
31.822728673172087;
31.812525292738535;
31.80258156928388;
31.793278497583735;
31.7842852983814;
31.775764367577636;
31.767666761588572;
31.759712934507107;
31.751624520490445;
31.74349088710079;
31.73554358576738;
31.72796896787117;
31.720913250653233;
31.714292646805227;
31.707906640718228;
31.70160338524522;
31.695319349767075;
31.688994052481043;
31.682856210025683;
31.67708332847139;
31.672089589281008;
31.66719553796269;
31.662456008445204;
31.657445509264782;
31.65238819305273;
31.647467130089886;
31.64273460759582;
31.63827665757536;
31.63404121615787;
31.62994728577936;
31.626076764694297;
31.62228185558719;
31.61871639876027;
31.6153562297445;
31.612265446713472;
31.60962201965404;
31.607630968792392;
31.605894704707133;
31.604334562353934;
31.602897974739697;
31.601573456329753;
31.60035131491187;
31.599711579758264;
31.599463918075543;
31.599539627680976;
31.59961344972701;
31.599510872619057;
31.600790243044898;
31.602384007091594;
31.605296274331984;
31.610406744232634;
31.615751923250954;
31.625039823582824;
31.63489518913449;
31.646522199642725;
31.661092293542175;
31.67772686879983;
31.6992247392118;
31.722004529123176;
31.747965344316462;
31.772271265081365;
31.798707016083213;
31.827908620314417;
31.858814975707;
31.892156955242072;
31.920744931354783;
31.952530344591644;
31.98901099820487;
32.02960054746814;
32.07702276924047;
32.135492566782055;
32.2035059787919;
32.266285518278806;
32.32793751600254;
32.383972059610684;
32.4395162470199;
32.494295724627;
32.55378549951649;
32.614436271956556;
32.6759501749574;
32.736428009907385;
32.79005217078325;
32.83594218637038;
32.864686375839945;
32.905018102382975;
32.962347104052704;
33.051778035614;
33.15909225081815;
33.250342568571575;
33.33283078394943;
33.398948706969065;
33.44272218683299;
33.487015801422075;
33.52966333737692;
33.54484963010166;
33.525301845935026;
33.54007805267031;
33.62904286807363;
33.74689089739299;
33.837635190619885;
33.90043703477959;
33.902599721539225;
33.8495826062106;
33.83387881570005;
33.88492919847777;
33.975599314220865;
34.0593070602039;
34.0639775269902;
33.97094072596597;
33.83620968911806;
33.72279389493629;
33.716136185525954;
33.86163155535507;
34.103664620871065;
34.362258314566276;
34.49788777115152;
34.46897484490974;
34.302178395091076;
34.11422139416316;
34.012468356729094;
34.10023425967818;
34.38116542883924;
34.788003259057376;
35.16511571069411;
35.372104176063004;
35.30390275609841;
35.004821386811905;
34.61077659032705;
34.31265587115833;
34.23425450566474;
34.44185096902595;
34.92500247336662;
35.53203356679787;
36.08142532470828;
36.37968354353635;
36.35324812306102;
36.00181396362895;
35.47587957533331;
34.95754998100615;
34.635464447639116;
34.63492049471508;
35.01980595670015;
35.70487612304557;
36.54728137836858;
37.326488525635455;
37.85609901855113;
38.021180810592185;
37.79133375484187;
37.26893954876991;
36.58132063615439;
35.92802458757051;
35.51286204223127;
35.456982019238936;
35.83241583680965;
36.55207553910721;
37.54283907352739;
38.599094234709554;
39.56405343861216;
40.235895782791324;
40.50989529797516;
40.36637253444196;
39.878025759291106;
39.181899552163706;
38.443562350282455;
37.807510334912216;
37.400956991056155;
37.329081260584545;
37.70468182304593;
38.50199824624006;
39.6271846883439;
