----------------------
:::::::::::::::::::::::::::::::::::::::::::::::::::::::::::::::::::::::::::::::
                                     Date and Time: 2025-04-02T17:51:31.169
:::::::::::::::::::::::::::::::::::::::::::::::::::::::::::::::::::::::::::::::
local boson: T = 1.0, alpha = 1.25, N_chain = 180, maxdim = 50, cutoff = -13, tau = 0.001, jump = 20, boson_dim = 10, omega = 5;
0.0;
0.061876121063326454;
0.2403432126259555;
0.5158971957332096;
----------------------
:::::::::::::::::::::::::::::::::::::::::::::::::::::::::::::::::::::::::::::::
                                     Date and Time: 2025-04-02T17:52:59.327
:::::::::::::::::::::::::::::::::::::::::::::::::::::::::::::::::::::::::::::::
local boson: T = 1.0, alpha = 1.25, N_chain = 180, maxdim = 50, cutoff = -13, tau = 0.001, jump = 20, boson_dim = 10, omega = 5;
0.0;
0.061876121063326454;
0.2403432126259555;
0.5158971957332096;
0.8616717362097187;
1.2492345714170874;
1.6531918078525827;
2.0536893372187515;
2.4369768213790066;
2.7947281291582917;
3.1228286798192126;
3.4201159554790763;
3.6873148255234507;
3.9262387804509937;
4.139239035440522;
4.328850365133573;
4.497578801352099;
4.647784905427228;
4.781628010530122;
4.9010473373675465;
5.007764108050523;
5.103295003993677;
5.188970921036853;
5.265957068272965;
5.33527237932187;
5.397807671867066;
5.4543420399359865;
5.505557212165276;
5.552050115321288;
5.594343936018823;
5.632897929783758;
5.668115963233601;
5.700353666761501;
5.7299242822203995;
5.757103783056777;
5.782135729484353;
5.8052355690722965;
5.826594103409456;
5.846380422290143;
5.864744670327408;
5.881820366559023;
5.8977261390216364;
5.9125673570937;
5.926437892887346;
5.939421648629691;
5.9515936866374854;
5.963021314993118;
5.973765152618734;
5.983879948364044;
5.993415083339804;
6.0024148258567545;
6.01091863122722;
6.018961749353439;
6.026576152696572;
6.03379125154528;
6.040634167903831;
6.04712984415429;
6.0533010946988925;
6.059168690985691;
6.064751465064263;
6.070066500485009;
6.075129339233548;
6.079954087712814;
6.084553497660946;
6.088939390512236;
6.093123247740073;
6.097116342577296;
6.100929431727427;
6.104572480500708;
6.108054411081249;
6.111382916995894;
6.114564790889987;
6.117606688119546;
6.120515584892579;
6.123298393032438;
6.125961466406067;
6.128510554291325;
6.1309511028410135;
6.133288346650218;
6.135527143188022;
6.137671949549099;
6.139727048274446;
6.14169671345958;
6.143585104518326;
6.145396066407169;
6.147133176960027;
6.148799995651854;
6.150400180471786;
6.151937411822726;
6.153415316141468;
6.154837279928538;
6.1562063343228;
6.157525228305084;
6.158796565140099;
6.160022813104205;
6.161206321949234;
6.162349497010606;
6.163454959795747;
6.16452548281689;
6.165563731770956;
6.1665720221294595;
6.167552330107742;
6.168506567690655;
6.169436654303303;
6.170344213801158;
6.171230640736354;
6.172097737425451;
6.172948042970764;
6.173784330472812;
6.174608903625383;
6.175423445643671;
6.176229175804415;
6.177026998270219;
6.17781785348987;
6.178602825587352;
6.179383057068224;
6.1801599031373975;
6.180935074331082;
6.181710345255664;
6.182487358480411;
6.1832677120791875;
6.184052902864121;
6.184844026787544;
6.185641821199564;
6.186446959719352;
6.1872603505865795;
6.188083203648626;
6.1889167792885935;
6.189762044090103;
6.190619677498067;
6.191490154276355;
6.192373760343462;
6.193270900435566;
6.1941823592551835;
6.1951090997827585;
6.196052054645656;
6.197012258377904;
6.197990820407371;
6.198988733071259;
6.200006803172257;
6.20104575912117;
6.202106233147333;
6.203188450320603;
6.2042921458626505;
6.205416878872617;
6.206562347070809;
6.207728638460915;
6.208916362158804;
6.210126401290214;
6.211359524582872;
6.212616262437704;
6.213897010321013;
6.215202102769139;
6.216531710609212;
6.217885867285908;
6.219264601679454;
6.220667854685665;
6.2220954751735285;
6.22354753074899;
6.2250243240482215;
6.226526068551434;
6.2280527631066995;
6.229604251940765;
6.2311802630777615;
6.232780693454086;
6.234405844146859;
6.236056175678642;
6.2377320309027615;
6.239433633357526;
