----------------------
:::::::::::::::::::::::::::::::::::::::::::::::::::::::::::::::::::::::::::::::
                                     Date and Time: 2025-03-28T21:18:18.657
:::::::::::::::::::::::::::::::::::::::::::::::::::::::::::::::::::::::::::::::
local boson: T = 0.0, alpha = 1.25, N_chain = 160, maxdim = 100, cutoff = -13, tau = 0.001, jump = 20, boson_dim = 8, omega = 5;
0.0;
0.9219432505571623;
3.5123060921949993;
7.311556924951866;
11.735403645133182;
16.23981179751694;
20.424467895960255;
24.059645159678382;
27.060129553040824;
29.438823350101803;
31.262413529571624;
32.61896938091992;
33.59808719545387;
34.280717246380966;
34.73528539941337;
35.01729998894059;
35.17058920000112;
35.22915308913893;
35.219051434447834;
35.16009631753632;
35.06721645096686;
34.951640503679656;
34.82174001508933;
34.68368777138377;
34.5420534409222;
34.40015621846698;
34.26034957353475;
34.12428615870222;
33.993078920848404;
33.86742957189985;
33.74774073266104;
33.63419595735814;
33.52682094629618;
33.425515743562265;
33.330113459381266;
33.240386966178356;
33.15606929842798;
33.07688183668068;
33.002544633635466;
32.93276353135291;
32.8672543565708;
32.8057527981594;
32.74798141850701;
32.69368195801272;
32.6426118812267;
32.59454025086254;
32.549261387277774;
32.5065939313254;
32.466353395558095;
32.42836225279528;
32.39245464890269;
32.35848931943317;
32.32633105349381;
32.29584852401821;
32.266930918108415;
32.23947759045438;
