----------------------
:::::::::::::::::::::::::::::::::::::::::::::::::::::::::::::::::::::::::::::::
                                     Date and Time: 2025-03-29T19:41:17.551
:::::::::::::::::::::::::::::::::::::::::::::::::::::::::::::::::::::::::::::::
local boson: T = 1.0, alpha = 1.25, N_chain = 160, maxdim = 50, cutoff = -13, tau = 0.002, jump = 10, boson_dim = 8, omega = 5;
0.0;
0.9233819584647108;
3.5182935886808893;
7.325517852018271;
11.760877424986797;
16.280188257711917;
20.482796704206358;
24.138570418570414;
27.161982321504524;
29.565648215336008;
31.416108565425233;
32.80134479724272;
33.81091808882455;
34.52577759855643;
35.01435977991569;
35.33216285486468;
35.522983433707;
35.62075147091254;
35.65142791403464;
35.63467741952371;
35.585289237818444;
35.51429791856417;
35.42987702602872;
35.338045593257846;
35.243156939720514;
35.14832281994795;
35.055709387959304;
34.96677503560193;
34.88245247733421;
34.80328643362564;
34.72952534070627;
34.66121931351063;
34.598281395563674;
34.54052623073909;
34.4877033283344;
34.43952156992646;
34.39568213686878;
34.35587493144604;
34.319798660925635;
34.28715812571926;
34.257672765538324;
34.23107801154473;
34.20712502274064;
34.18558262244654;
34.16622810856557;
34.14886078743672;
34.13329586001429;
34.11936276695257;
34.10689809716012;
34.09575420497515;
34.08579825808467;
34.076906440841405;
34.06896507125208;
34.06186686496522;
34.05551424999396;
34.04981750765187;
34.04470212932133;
34.040101544408856;
34.03596101557079;
34.03222194229394;
34.02882425718463;
34.025713550799885;
34.02284750173095;
34.02018755274559;
34.01770524055564;
34.01537224754948;
34.01315822053937;
34.01103493165463;
34.008978964857945;
34.0069737878262;
34.00500239226456;
34.00304990315318;
34.00110773454434;
33.999166542042225;
33.997217939344;
33.99524911594332;
33.99325021868166;
33.99121503748838;
33.98914126834523;
33.9870247003764;
33.98486011543941;
33.98264509565531;
33.98037995396662;
33.97807113363168;
33.975721281315295;
33.9733299113411;
33.97089571491028;
33.968412894969504;
33.965882966812515;
33.963309288074925;
33.96069818432907;
33.95805584743244;
33.95539278619658;
33.95271408179839;
33.950019640455736;
33.9473090919066;
33.94458276059782;
33.941841162318745;
33.93908465982415;
33.93631503631659;
33.93353814825554;
33.93076173187765;
33.92798997238515;
33.92522849685329;
33.92248079334626;
33.919750901443116;
33.91704300220298;
33.914361916893704;
33.911711830887455;
33.90909229623427;
33.906500815054294;
33.903940573728775;
33.90141398675779;
33.89892376072856;
33.89647142517202;
33.89405986983093;
33.891689961174514;
33.88936443859028;
33.88708701725067;
33.884861411201;
33.882691768130655;
33.88057459040717;
33.87850574341426;
33.876483890223156;
33.87451396195232;
33.87259967964047;
33.87074128592186;
33.86893745079901;
33.86719057423279;
33.8655003740445;
33.86386767934376;
33.86229006804063;
