----------------------
:::::::::::::::::::::::::::::::::::::::::::::::::::::::::::::::::::::::::::::::
                                     Date and Time: 2025-03-25T14:37:37.697
:::::::::::::::::::::::::::::::::::::::::::::::::::::::::::::::::::::::::::::::
local boson: T = 2.0, alpha = 1.25, N_chain = 120, maxdim = 50, cutoff = -13, tau = 0.02, jump = 10, boson_dim = 9, omega = 5;
0.0;
0.936306166399864;
3.5704460571707974;
7.442373482210374;
11.966508603188181;
16.597261366310626;
20.932404809333292;
24.739955596026082;
27.93242009128219;
30.520511686819816;
32.56825955000034;
34.16107184755583;
35.3863792343152;
36.323132143273014;
37.03774583481635;
37.58408661439327;
38.00393150709671;
38.329617038342946;
38.58525352989518;
38.78908525396662;
38.955043731597954;
39.0933721548442;
39.211477535130086;
39.31496388938396;
39.4078985079651;
39.49260399502243;
39.571489810815606;
39.64578812003093;
39.71691622927126;
39.78531633735468;
39.85157106983009;
39.9156874098773;
39.97794177108812;
40.037668370926966;
40.09546995677653;
40.15172797190737;
40.20619043134067;
40.25897878301723;
40.3100937165633;
40.35927667091574;
40.40633758496693;
40.45120780842873;
40.49404816316836;
40.53469570581198;
40.57312313484458;
40.609837217085754;
40.64417058129519;
40.676055986649835;
40.705430583956584;
40.73180320613693;
40.75548549726994;
40.77687504449309;
40.79592668672238;
40.81263652114499;
40.827388083922386;
40.83956268520837;
40.849400610776335;
40.85669262636367;
40.86151238503916;
40.864304898238636;
40.86508875396072;
40.86330758328355;
40.859361431701;
40.853737925923944;
40.84660130930231;
40.83823983098045;
40.8286805250156;
40.81745729185084;
40.80496738294656;
40.791618547311735;
40.77758894391404;
40.7628427205907;
40.74719795756028;
40.7306998712341;
40.71342124234839;
40.69562111322418;
40.67767253531031;
40.659347408722745;
40.64077063082624;
40.62212574112831;
40.60343327696179;
40.585156361458715;
40.56727505361255;
40.55007738017899;
40.53317679760053;
40.516862966795884;
40.50103965239425;
40.48600748631327;
40.471275688801846;
40.45762991281836;
40.44438221279434;
40.4325433212723;
40.42157142680536;
40.412299045476935;
40.40401405604917;
40.397160885991795;
40.39097420853088;
40.38623946445334;
40.38263983313101;
40.380491114793465;
40.37986317893007;
40.380493186517675;
40.3823818447589;
40.385380297552565;
40.38931402328924;
40.394834755459485;
40.40076579333159;
40.40839256199867;
40.416757927263305;
40.426805853857914;
40.4380006850135;
40.45095774090917;
40.46549744078138;
40.481470675313524;
40.499068733685526;
40.517349721606564;
40.53786926011265;
40.559848684807605;
40.58499631057479;
40.61266020619982;
40.64395164471978;
40.67737607936853;
40.713238390260564;
40.75013755595008;
40.78966289816259;
40.83042121454986;
40.873806391056306;
40.91888997422691;
40.966035065247645;
41.013837022331636;
41.06316380047685;
41.11195074897662;
41.1642374795118;
41.219021249637386;
41.278539552625155;
41.34344992915868;
41.413018688042584;
41.48458417548521;
41.55828849549805;
41.63087919308811;
41.701862458744706;
41.77024510593489;
41.83831035024357;
41.9060600362476;
41.97600704840878;
42.052317932052155;
42.13592791621193;
42.227747105510296;
42.324785951504936;
42.43005081492245;
42.54027628118885;
42.65642127633741;
42.769150881695474;
42.87603330820908;
42.98025260479867;
43.09579062835435;
43.22482850864276;
43.36078526466079;
43.49146031995345;
43.61921593453696;
43.76300519308706;
43.94331382685816;
44.15571870057425;
44.37460863475277;
44.562420122396276;
44.711206061214355;
44.853600328395665;
45.02860194879024;
45.25718627330459;
45.51571679872786;
----------------------
:::::::::::::::::::::::::::::::::::::::::::::::::::::::::::::::::::::::::::::::
                                     Date and Time: 2025-03-26T14:31:01.209
:::::::::::::::::::::::::::::::::::::::::::::::::::::::::::::::::::::::::::::::
local boson: T = 2.0, alpha = 1.25, N_chain = 100, maxdim = 100, cutoff = -13, tau = 0.02, jump = 10, boson_dim = 9, omega = 5;
0.0;
0.936531419458576;
3.5707743812271424;
7.4426402908380345;
11.966686515092068;
16.5973280852369;
20.932376105852384;
24.73994793108745;
27.93256738411049;
30.52089982518963;
32.56899809551166;
34.162192870075074;
35.388077648083694;
36.325527990755624;
37.04079485221244;
37.587496806173014;
38.00767987151269;
38.333592154323995;
38.58943116330463;
38.79375548828543;
38.960320016473574;
39.099231232424444;
39.21770003214773;
39.32142438797601;
39.414315862681455;
39.499343306313456;
39.578267990133966;
39.652856036185376;
39.72398081629911;
39.79220717599907;
39.858095721134106;
39.921946839205454;
39.98377510008195;
40.043738623145124;
40.101848511951516;
40.158168332752375;
40.21275941268695;
40.26562688665168;
40.31665810526303;
40.36568824332904;
40.41275918548115;
40.45785294403116;
40.500812843457865;
40.541505306796005;
40.57988626295079;
40.615891505569046;
40.649521117998695;
40.68077759153755;
