----------------------
:::::::::::::::::::::::::::::::::::::::::::::::::::::::::::::::::::::::::::::::
                                     Date and Time: 2025-03-25T14:37:37.689
:::::::::::::::::::::::::::::::::::::::::::::::::::::::::::::::::::::::::::::::
local boson: T = 2.0, alpha = 1.25, N_chain = 120, maxdim = 50, cutoff = -13, tau = 0.02, jump = 10, boson_dim = 9, omega = 5;
0.0;
0.061869045800347244;
0.24033843506820388;
0.5159061366606758;
0.8616992828202984;
1.2492852522769502;
1.6532692364638333;
2.0537960264895694;
2.4371158196344127;
2.7949024559386673;
3.123041773937309;
3.4203731749848223;
3.6876238178223155;
3.9266131055688613;
4.139702634030454;
4.329439664987331;
4.498339952058793;
4.648771612233355;
4.7829010042911095;
4.902672351865254;
5.009815635421492;
5.1058524257375035;
5.192116607475794;
5.269767180697265;
5.33981171929726;
5.403136495563221;
5.460508166089095;
5.512602624515822;
5.56000941504823;
5.603243688449846;
5.642752389341407;
5.67892264314529;
5.712100376636928;
5.742590097478304;
5.770667818558474;
5.796569765033397;
5.820506932127398;
5.842674085780835;
5.863243494145002;
5.882370213754491;
5.900193615512652;
5.916838663143809;
5.932425275892212;
5.947064491125728;
5.960852046905929;
5.97388215905158;
5.986235439368851;
5.99799195323917;
6.009222133490711;
6.019998428873338;
6.030384998190672;
6.040447234077761;
6.0502362799768905;
6.059803072260424;
6.069190764503958;
6.078444783895685;
6.087605549802069;
6.0967146061089705;
6.105809306621334;
6.11492485406321;
6.124097176365413;
6.133354559171787;
6.142729391991043;
6.152248483882522;
6.16193951978102;
6.171821944863704;
6.18191092310313;
6.19221947866848;
6.202765886329424;
6.213568148031776;
6.224639573198972;
6.235984732986349;
6.24760218759907;
6.25948922832896;
6.271645364131889;
6.284073388671078;
6.29677363911967;
6.30974488584973;
6.322984269036417;
6.336488162954801;
6.350253603269859;
6.364277450572543;
6.37855533368398;
6.393077937415544;
6.40783327924784;
6.422808616492634;
6.437991714453578;
6.453371087235411;
6.468936387484507;
6.484677264904184;
6.500585578744098;
6.516655001541622;
6.532879909606933;
6.549252482404703;
6.565761092357139;
6.582392008753033;
6.599132991890234;
6.615975001556189;
6.6329118067237305;
6.649935359316073;
6.6670325725559305;
6.684186810233853;
6.701383019897654;
6.718609182534974;
6.735857072226018;
6.753120446575713;
6.770392859149557;
6.787666833018927;
6.804933864265404;
6.822184107826204;
6.839407437827253;
6.856594392831991;
6.873739353296016;
6.89084019717239;
6.907894579040946;
6.924899010851988;
6.941851405165229;
6.958753968442598;
6.975610486515643;
6.99241962875552;
7.009169068122555;
7.0258398403259985;
7.042414796551387;
7.058886575500174;
7.07525979315434;
7.091545544316744;
7.107752710222375;
7.123880914186725;
7.139920696407668;
7.15586089473847;
7.1716979762202975;
7.187443908819224;
7.203127090234415;
7.21878410704288;
7.23444439567054;
7.250114937030266;
7.265770770391816;
7.281357436380565;
7.296802246762328;
7.3120323312907605;
7.3269967684419495;
7.341681774900432;
7.356114697518018;
7.370356459823077;
7.384489566925289;
7.398596198165864;
7.412723906295955;
7.426861462995226;
7.440957880202774;
7.454965203352014;
7.468832324649259;
7.482457054309236;
7.495701385730557;
7.508516477104043;
7.52104578253582;
7.533541509506202;
7.546143336463368;
7.558778958548857;
7.571347380534032;
7.583996449157279;
7.597137296048345;
7.611091388198975;
7.625681034513408;
7.64020834407411;
7.6539363798270985;
7.666688506536037;
7.679013046868962;
7.691706410901755;
7.705053889226115;
7.718427698699945;
----------------------
:::::::::::::::::::::::::::::::::::::::::::::::::::::::::::::::::::::::::::::::
                                     Date and Time: 2025-03-26T14:31:01.201
:::::::::::::::::::::::::::::::::::::::::::::::::::::::::::::::::::::::::::::::
local boson: T = 2.0, alpha = 1.25, N_chain = 100, maxdim = 100, cutoff = -13, tau = 0.02, jump = 10, boson_dim = 9, omega = 5;
0.0;
0.06187678639737172;
0.24035181214546275;
0.5159200240825006;
0.8617121521569148;
1.2492948612030743;
1.6532747911490344;
2.053798368288271;
2.437115212729161;
2.7948991424198564;
3.123036901480358;
3.4203677070368275;
3.6876207258313167;
3.9266138603481204;
4.139707101643192;
4.329444157534626;
4.498342937223206;
4.648769999218212;
4.782893885452604;
4.902661977777177;
5.009802128447248;
5.105834251937929;
5.192090321148144;
5.269731452634973;
5.339769973456291;
5.403091069951722;
5.460464336622171;
5.512561946276221;
5.55996979013598;
5.60320022308096;
5.642701605237888;
5.678867924846828;
5.7120457773230005;
5.742538718742241;
5.770616650289421;
5.796518372668595;
5.820456459945882;
5.842625410594894;
5.863197269912424;
5.882325645009966;
5.900151604750606;
5.916802004771347;
5.93239375689356;
5.947033782319001;
5.9608204012376484;
5.973844465166834;
5.986190797245007;
5.9979400894385595;
6.009165140676041;
6.019932690367396;
6.030306445793156;
6.040346000087517;
6.050108380649178;
6.059645507661608;
6.069008609834848;
6.078244823078155;
6.087396987611825;
6.096505493330596;
6.105607481000905;
6.1147410296218565;
6.1239373314781504;
6.133225547839812;
6.142632509511912;
6.152181984462389;
6.161896892410631;
6.171797738953694;
6.181902064955466;
6.192226418074627;
6.202783875637205;
6.2135858894874465;
6.224643138252538;
6.235964609759738;
6.247557054031328;
6.259424674601424;
6.271568721273044;
6.283989536088716;
6.296685390830523;
6.309654336029514;
6.322893912675258;
6.336401283678756;
6.350172352669513;
6.364201403161656;
6.37848068521151;
6.393000471737128;
6.407750113480056;
6.422719105951607;
6.437898273518432;
6.453279711670226;
6.46885610843888;
6.48461856042274;
6.500556285546303;
6.516657774966234;
6.5329118215523065;
6.549308471131604;
6.565837810008532;
6.582488174833878;
6.599245888583754;
6.616096979740228;
6.6330295587380075;
6.6500350224965095;
6.667106836376327;
6.684238316395744;
6.701421069820554;
6.718644317241323;
6.73589655567157;
6.753166934841381;
6.7704451575610065;
6.78772052696648;
6.804984573572885;
6.822233957531688;
6.839469564813092;
6.856690149156031;
6.873886872385123;
6.89104349474387;
6.9081434177890975;
6.925177813553698;
6.942148625827269;
6.959065545352928;
6.975936573092828;
6.992755117339053;
7.009495031061589;
7.026127855395168;
7.042648095928902;
7.0590673776689945;
7.075383111963739;
7.0915899268081475;
7.107747775206421;
7.123991483360255;
7.140395827724404;
7.156829854929786;
7.173028749024073;
7.188869364372989;
7.204534418940191;
7.220311623231722;
7.236196012595655;
7.2517541075660805;
7.266491848866669;
7.280431582851472;
7.294311083571297;
7.3091044983593685;
7.325188666824506;
7.341860621429873;
7.357688184412546;
7.371519539879978;
7.383421647823811;
7.394810603087033;
7.407593665558395;
7.422853702800597;
7.439961156581977;
7.456754171491291;
7.4707551211592005;
7.480731231780416;
7.487673457020019;
7.494576869894761;
7.505068055121704;
7.52155704894941;
7.543859181568134;
7.569005521740289;
7.592379192638388;
7.609681695414825;
7.618852971312826;
7.6211005247030545;
7.620583851706193;
7.622869068664382;
7.632768060518486;
7.652413424287539;
7.680304811840728;
7.711677553398854;
7.740057132530724;
7.75944642579385;
7.766396902450103;
7.761278012537173;
7.7483461128624604;
7.734601856332602;
7.727799882561977;
7.734210697527968;
7.7567801218795;
7.7941946644469615;
7.841088018907558;
7.889305420711266;
7.929874782029473;
7.955174481121115;
7.960768275135032;
7.946486778438167;
7.916534874820077;
7.878629522577372;
7.8423805934671575;
7.817291703053985;
7.810814836216301;
7.826859034263125;
7.865032404511766;
7.9207291943505505;
7.986008844961561;
8.051075636136051;
8.106055931229779;
8.142750468461333;
8.156051286986438;
8.144802047950689;
8.111986009663056;
8.06423210163581;
8.010749659753419;
7.9618822259479805;
7.927526829134895;
7.9156600098267225;
7.931185786314853;
7.975250568125777;
8.045103328514065;
8.134482712871183;
8.234451478519999;
8.334557999961326;
