----------------------
:::::::::::::::::::::::::::::::::::::::::::::::::::::::::::::::::::::::::::::::
                                     Date and Time: 2025-02-05T19:17:09.369
:::::::::::::::::::::::::::::::::::::::::::::::::::::::::::::::::::::::::::::::
local boson: T = 0.1, alpha = 0.1, N_chain = 160, maxdim = 80, cutoff = -12, tau = 0.002, jump = 10, boson_dim = 15, omega = 5;
3.2586708970550707e-19;
2.5018694856786234e-9;
0.0889384817502565;
0.3080310849852405;
0.6200796285720092;
0.9784829945211592;
1.3413500861281447;
1.6794186335612233;
1.9748188474148867;
2.2282095525946493;
2.430880168922612;
2.5766104580574387;
2.700318675847717;
2.7897831018352206;
2.8494337954337543;
2.9099392163436644;
2.954530867438785;
2.980039465185706;
3.019073186526158;
3.0078663947867144;
3.0099358389391435;
3.06620362280424;
3.0627911632306515;
3.0833350758807843;
3.0990785584211;
3.069633232191566;
3.0560932340278026;
3.0380990213925605;
2.9910299078751126;
2.919917338102903;
2.896234055888746;
2.886197543508668;
2.8732165540570365;
2.89530896792778;
2.9043636774237007;
2.9059018920034188;
2.9143644627291234;
2.8757227478533016;
2.8351022459143684;
2.7588415433566773;
2.716112854602826;
2.7025259785389735;
2.7862138110237775;
2.7775273468924606;
2.7085063889701195;
2.7299395787584495;
2.7087569017395476;
2.6986386510177898;
2.7014549019471517;
2.711645702040115;
2.678599982842985;
2.6642539001047933;
2.642202016370987;
2.6608058318634322;
2.6324464993988665;
2.612610747711013;
2.5393274167342024;
2.5297013191746265;
2.509923054506371;
2.523463139020009;
2.521787363890006;
2.5317126180222735;
2.5497721945986984;
2.603304119590378;
2.6441274827446146;
2.595433540256281;
2.588210086539985;
2.608308109272623;
2.5791513141091515;
2.5605581048715726;
2.547739542163196;
2.498948932502018;
2.5513545738164365;
2.5981117960536126;
2.533464135320399;
2.4913474441453376;
