----------------------
:::::::::::::::::::::::::::::::::::::::::::::::::::::::::::::::::::::::::::::::
                                     Date and Time: 2025-02-17T19:57:27.008
:::::::::::::::::::::::::::::::::::::::::::::::::::::::::::::::::::::::::::::::
local boson: T = 0.1, alpha = 1.25, N_chain = 190, maxdim = 100, cutoff = -11, tau = 0.001, jump = 20, boson_dim = 15, omega = 5;
1.6431067217062517e-9;
0.00015628268788714326;
0.06814899151705758;
0.2520166377952621;
0.5312821190628941;
0.879038697787706;
1.2676293039124236;
1.6716056297077537;
2.073635213067801;
2.4517835744726253;
2.808718774870593;
3.1359883888550097;
3.4323424792993062;
3.6978154779465555;
3.9373824194184137;
4.1470686888872965;
4.327334082664522;
4.489221781844556;
4.63899152495354;
4.7725000251314444;
4.903644302481593;
5.009227388506204;
5.104865109560126;
5.184945267531983;
5.261390761961717;
5.326507853291704;
5.386850437130518;
5.438561828430675;
5.487261391982912;
5.53071978678214;
5.571065763029597;
5.605800413026799;
5.638512034809103;
5.667534259656486;
5.694296113720121;
5.719474315565524;
5.742758210640509;
5.76563606827876;
5.78342326866305;
5.801806546982964;
5.81733319230673;
5.8324366827877885;
5.846231676214723;
5.859279109445403;
5.869110684262344;
5.879077749029773;
5.891115333461395;
5.899227127645319;
5.907973739299099;
5.918209628233375;
5.926560673277003;
5.9343557729061445;
5.9418341713382175;
5.949546723547076;
5.9549569147546295;
5.959562688644402;
5.964979407064648;
