----------------------
:::::::::::::::::::::::::::::::::::::::::::::::::::::::::::::::::::::::::::::::
                                     Date and Time: 2025-03-24T13:14:51.966
:::::::::::::::::::::::::::::::::::::::::::::::::::::::::::::::::::::::::::::::
local boson: T = 2.0, alpha = 0.25, N_chain = 120, maxdim = 100, cutoff = -13, tau = 0.02, jump = 6, boson_dim = 8, omega = 5;
6.339477199420093e-14;
0.012375815382924253;
0.048070751281834315;
0.10318344354891523;
0.17234022694400522;
0.24985491201638646;
0.330650335990895;
0.41075971027930014;
0.4874400021979579;
0.5590359594343136;
0.6247373154451932;
0.6843262057635536;
0.7379630653119372;
0.7860257209616294;
0.8289983365494579;
0.8673998408954162;
0.9017407482007229;
0.9324994262568518;
0.9601107769829775;
0.9849627109080777;
1.0073967821971563;
1.0277112201129908;
1.04616518139611;
1.0629832394347405;
1.0783599530630716;
1.0924631707534436;
1.105438126481465;
1.1174108762503963;
1.1284908637566;
1.1387734795183444;
1.1483419713139462;
1.1572690699132981;
1.1656187883962834;
1.1734478057419782;
1.1808059626513676;
1.187737226923398;
1.1942806960220282;
1.2004716229968748;
1.2063416236506037;
1.2119186191251439;
1.2172272228226662;
1.2222903380097967;
1.2271289082509071;
1.231762350887676;
1.2362084346368842;
1.2404829655203042;
1.2446000376671402;
1.2485727219681737;
1.2524129022847326;
1.2561314983364638;
1.2597391957390824;
1.2632461809322222;
1.2666620672349342;
1.2699959016269982;
1.2732559439910198;
1.276449775166246;
1.2795846882154975;
1.282667185957299;
1.285703871910144;
1.2886999713016691;
1.2916604361683115;
1.2945897899385514;
1.2974927341067763;
1.3003745697926328;
1.3032399882147134;
1.3060932596618593;
1.3089383631730789;
1.3117793815363574;
1.3146201862986298;
1.3174636704569183;
1.3203128672757336;
1.3231712430931293;
1.3260417723772036;
1.3289271583714255;
1.3318296969160162;
1.334751695845438;
1.3376956176810424;
1.3406635382132996;
1.343657311761459;
1.3466790515177673;
1.349730612925473;
1.3528131862276012;
1.3559280495352082;
1.359076557029766;
1.3622603210380868;
1.3654806244222786;
1.3687386925185698;
1.3720352813287773;
1.3753709401475507;
1.378746345786572;
1.3821622382389913;
1.385619049439099;
1.389117076963551;
1.3926568397160608;
1.3962386558447153;
1.3998627212717791;
1.4035292301852982;
1.4072382012829838;
1.4109897683234063;
1.4147840145543755;
1.4186205942154042;
1.4224994143202734;
1.426420054167441;
1.4303821478388337;
1.4343853583699355;
1.4384294859123337;
1.442514406293543;
1.4466398060764456;
1.4508047560738193;
1.4550078472569716;
1.4592480738189026;
----------------------
:::::::::::::::::::::::::::::::::::::::::::::::::::::::::::::::::::::::::::::::
                                     Date and Time: 2025-03-24T15:02:19.471
:::::::::::::::::::::::::::::::::::::::::::::::::::::::::::::::::::::::::::::::
local boson: T = 2.0, alpha = 0.25, N_chain = 120, maxdim = 100, cutoff = -13, tau = 0.02, jump = 10, boson_dim = 9, omega = 5;
7.324910447572694e-10;
0.012375826814902178;
0.04807082817101259;
0.10318365948590541;
0.1723405900765764;
0.24985536251388366;
0.3306508666611775;
0.41076020924755086;
0.4874402793254591;
0.5590358036249125;
0.6247364934847298;
0.6843243679449921;
0.7379597937719478;
0.786020572743228;
0.8289907782672081;
0.8673891248457216;
0.901725987632229;
0.9324795769504121;
0.9600846955328788;
0.984929066294546;
1.007354069535645;
1.0276578722124818;
1.0460995090962577;
1.0629033626382285;
1.078263567464246;
1.0923480358724336;
1.1053020717813544;
1.117251739573542;
1.128306379757405;
1.1385612467730395;
1.1480995335522421;
1.1569939500702382;
1.1653083573723169;
1.1730990136073178;
1.1804155398193854;
1.1873019540751217;
1.1937972142024345;
1.1999362411228502;
1.205750486367768;
1.2112680555557003;
1.21651434588037;
1.22151197547145;
1.2262815085661314;
1.2308415655434017;
1.23520927846245;
1.239400594868952;
1.2434302165153819;
1.2473113682060046;
1.2510561651109728;
1.2546758168908227;
1.2581805999052589;
1.2615801661796622;
1.2648834696347857;
1.2680988638961708;
1.2712344244806322;
1.274297719147265;
1.2772957693094762;
1.2802349237991235;
1.283121103391555;
1.2859600377036844;
1.2887575207853545;
1.2915190139498898;
1.2942495256402986;
1.2969537141399743;
1.2996358348825245;
1.3022997957436613;
1.3049495451395077;
1.3075889878286402;
1.3102219733391527;
1.3128519341306388;
1.3154820328069314;
1.3181154283538912;
1.3207550681029985;
1.3234037173294546;
1.3260637983329842;
1.3287375509433563;
1.3314270776561778;
1.3341345596874636;
1.336862353421572;
1.339612768428372;
1.342387923105522;
1.3451896089205664;
1.3480191980210758;
1.350877877613456;
1.3537668585460656;
1.3566873983562941;
1.3596407965350275;
1.3626283888830728;
1.3656513317659802;
1.3687105242470525;
1.3718067908920974;
1.3749409651229865;
1.3781139882058362;
1.3813264659178315;
1.3845786859380091;
1.3878708639299895;
1.3912032612677552;
1.3945762327489688;
1.3979902598708351;
1.4014458266531356;
1.4049433910677627;
1.4084833610849334;
1.4120657429955965;
1.4156899387951118;
1.4193552426899316;
1.4230612426970142;
1.4268077317491774;
1.4305944108207822;
1.4344208890233883;
1.4382868588239066;
1.44219205151973;
1.44613606022291;
1.450118431668151;
1.4541387594668778;
1.4581967275928338;
1.4622920138767936;
1.466424040686232;
1.4705919159080916;
1.4747945723889233;
1.4790311715182247;
1.4833012839592048;
1.4876045413372074;
1.4919403413358445;
1.4963076995499236;
1.5007053821848264;
1.505132216421675;
1.5095872852640002;
1.5140696712783268;
1.5185783842954512;
1.5231125058251325;
1.5276711995038992;
1.532253683593151;
1.5368591713583797;
1.5414867860781065;
1.5461354069249151;
1.5508037051699188;
1.555490436212017;
1.560194355248379;
----------------------
:::::::::::::::::::::::::::::::::::::::::::::::::::::::::::::::::::::::::::::::
                                     Date and Time: 2025-03-24T19:53:01.667
:::::::::::::::::::::::::::::::::::::::::::::::::::::::::::::::::::::::::::::::
local boson: T = 2.0, alpha = 0.25, N_chain = 120, maxdim = 100, cutoff = -13, tau = 0.02, jump = 10, boson_dim = 9, omega = 5;
3.575399221086235e-16;
0.01237582470028696;
0.04807082047255161;
0.10318364497240279;
0.17234057038316736;
0.24985534109875804;
0.33065084695489483;
0.4107601935413786;
0.48744026866878387;
0.5590357980710087;
0.6247364922968611;
0.6843243698157955;
0.7379597971275639;
0.7860205760828434;
0.8289907803952458;
0.8673891249905231;
0.9017259854195231;
0.9324795723492998;
0.9600846887303763;
0.9849290575832643;
1.0073540592650219;
1.0276578607278637;
1.0460994967188417;
1.062903349666411;
1.0782635541811858;
1.0923480225377138;
1.105302058754605;
1.11725172686072;
1.128306367302136;
1.138561234622889;
1.1480995217839647;
1.1569939386865538;
1.165308346388704;
1.1730990029971802;
1.1804155295782215;
1.187301944281047;
1.1937972048210974;
1.1999362318608675;
1.2057504767206528;
1.211268045063609;
1.2165143345136884;
1.221511963675184;
1.2262814970866927;
1.2308415550274157;
1.2352092692328642;
1.239400586932903;
1.2434302097072238;
1.2473113622808947;
1.251056159847817;
1.2546758120854429;
1.258180595407764;
1.2615801619403217;
1.2648834656352725;
1.268098860135098;
1.2712344209588706;
1.2742977159012474;
1.2772957664079299;
1.2802349213124093;
1.2831211013320836;
1.2859600359968606;
1.2887575192724148;
1.2915190124688554;
1.294249524109743;
1.2969537125768686;
1.29963583336524;
1.3022997942998855;
1.3049495437656145;
1.3075889864501569;
1.3102219718990717;
1.3128519325921126;
1.3154820310844975;
1.3181154263746884;
1.3207550658510894;
1.3234037149308733;
1.3260637960146195;
1.3287375489082203;
1.3314270760368243;
1.3341345583928321;
1.336862352098942;
1.3396127666583617;
1.3423879206683074;
1.3451896058956883;
1.3480191946444333;
1.3508778740883152;
1.3537668548763233;
1.3566873944263016;
1.3596407922676081;
1.3626283843410725;
1.3656513271066817;
1.3687105196322624;
1.3718067863914032;
1.3749409606681255;
1.3781139835942182;
1.3813264608804443;
1.3845786802079372;
1.3878708573240985;
1.391203253756994;
1.3945762244202207;
1.3979902509239004;
1.4014458173809428;
1.404943381844816;
1.408483352289369;
1.4120657349453547;
1.4156899316761302;
1.4193552364945528;
1.4230612372366243;
1.426807726700314;
1.4305944058513849;
1.4344208839095411;
1.4382868534926385;
1.4421920460038073;
1.4461360545710313;
1.4501184259120499;
1.4541387535673325;
1.4581967224818824;
1.4622920084956943;
1.4664240348747808;
1.470591908439618;
1.4747945635737363;
1.479031161710531;
1.4833012741522202;
1.4876045316614954;
1.4919403323979485;
1.4963076911204727;
1.500705373972028;
1.505132208852082;
1.5095872779343467;
1.5140696640324967;
1.5185783751864956;
1.5231124958472593;
1.5276711877414342;
1.53225367104381;
1.536859158419996;
1.541486773761637;
1.5461353958978414;
1.5508036929151188;
1.5554904220900074;
1.5601943412073034;
1.564914328291623;
1.569649573329332;
1.574399404325684;
1.5791630030307906;
1.5839392569163182;
1.5887268830748176;
1.5935245775317843;
1.5983312925725888;
1.6031461758118015;
1.6079685180863041;
1.612797712516906;
1.617633091552882;
