----------------------
:::::::::::::::::::::::::::::::::::::::::::::::::::::::::::::::::::::::::::::::
                                     Date and Time: 2025-03-25T15:27:57.288
:::::::::::::::::::::::::::::::::::::::::::::::::::::::::::::::::::::::::::::::
local boson: T = 0.0, alpha = 1.25, N_chain = 130, maxdim = 100, cutoff = -13, tau = 0.02, jump = 10, boson_dim = 8, omega = 5;
0.0;
0.06187000803740511;
0.2403391753647199;
0.5159049643866069;
0.8616954430824307;
1.249275237768467;
1.653250991366808;
2.053769813119839;
2.4370816120127423;
2.7948625362614092;
3.1230002971150035;
3.4203321831279028;
3.6875820042020724;
3.9265605047709755;
4.13961526737941;
4.329272495292461;
4.498032553181002;
4.648244941071334;
4.782060396634639;
4.901408532411078;
5.008002693071685;
5.103353554313824;
5.188784244753041;
5.265449051518549;
5.33437382167013;
5.396446649457232;
5.452438591074398;
5.503044573950757;
5.548854908930006;
5.590405533498338;
5.628151303390967;
5.662507701143247;
5.693830881687165;
5.72243918793301;
5.748615041468484;
5.772611668428632;
5.794659932296164;
5.81496354043286;
5.833681851703459;
5.850971051253983;
5.866961167842336;
5.881777326493951;
5.895533069260229;
5.908330490990696;
5.9202576301967795;
5.931400460646428;
5.9418162332345705;
5.951573442908897;
5.960720893000204;
5.969320108574267;
5.977416991546466;
5.985055923127133;
5.992276802141355;
5.999109809286765;
6.005580011033354;
6.011710618569727;
6.017524356786357;
6.023041523444803;
6.028288177049107;
6.033286773875195;
6.038049195419294;
6.042592306591216;
6.046924608460052;
6.051055603384123;
6.05499956971126;
6.058770210141999;
6.062380172763763;
6.065837994268158;
6.069154200743995;
6.072339625982401;
6.075400098668882;
6.078336748497264;
6.081166531656184;
6.0838987238607025;
6.0865392994797824;
6.089098928318041;
6.0915862352773456;
6.093993194646633;
6.096318670239428;
6.098550696356509;
6.100697363267109;
6.102766891619103;
6.104768371307798;
6.106712643477488;
6.108604892103025;
6.110440074221512;
