----------------------
:::::::::::::::::::::::::::::::::::::::::::::::::::::::::::::::::::::::::::::::
                                     Date and Time: 2025-03-31T20:44:32.824
:::::::::::::::::::::::::::::::::::::::::::::::::::::::::::::::::::::::::::::::
local boson: T = 1.0, alpha = 1.25, N_chain = 180, maxdim = 50, cutoff = -13, tau = 0.002, jump = 10, boson_dim = 9, omega = 5;
0.0;
0.9233823658316148;
----------------------
:::::::::::::::::::::::::::::::::::::::::::::::::::::::::::::::::::::::::::::::
                                     Date and Time: 2025-03-31T20:46:42.376
:::::::::::::::::::::::::::::::::::::::::::::::::::::::::::::::::::::::::::::::
local boson: T = 1.0, alpha = 1.25, N_chain = 180, maxdim = 50, cutoff = -13, tau = 0.002, jump = 10, boson_dim = 9, omega = 5;
0.0;
0.9233823658316146;
3.5182960800955563;
7.3255242625153905;
11.760890318431914;
16.280210908837287;
20.48283886454967;
24.138653599334816;
27.16209366861039;
29.56578906826305;
31.416267840286462;
32.80151975530096;
33.81110867854343;
34.52600223423401;
35.01462303857157;
35.33248402220842;
35.52340237599158;
35.621306306986284;
35.65216405848486;
35.63565027027692;
35.5865576727638;
35.515947594543704;
35.43200953250347;
35.34074483147958;
35.246530513390965;
35.15246611858227;
35.060720554636305;
34.97275036278597;
34.88948759843537;
34.811479966212026;
34.73898821248309;
34.6720651867354;
34.61061671392011;
34.554438054045896;
34.50327667402958;
34.456839173508214;
34.41483539561649;
34.376966259088405;
34.34293540416497;
34.31245205344319;
34.285235763732324;
34.261011465968885;
34.23951113860002;
34.220509033397775;
34.20377920261482;
34.18912498879182;
34.17635833586206;
34.16531223743782;
34.15583300928866;
34.14776582570172;
34.140973610673704;
34.13533429404744;
34.13073122520668;
34.12707360458872;
34.124277939718944;
34.122262287059854;
34.12094496310844;
34.12025235207382;
34.120113475908816;
34.120466409331804;
34.121256424659755;
34.12243992052832;
34.12397035568322;
34.125814954245435;
34.12793851709942;
34.13030440642384;
34.13288117704915;
34.13564388012619;
34.13857400869873;
34.14165168537338;
34.144857070566246;
34.14817018430265;
34.15157149118382;
34.15504224376596;
34.15856131207637;
34.1621162639007;
34.16569484698698;
34.16928943807413;
34.172890981616646;
34.17649359504524;
34.18008402600562;
34.183646159955856;
34.187168548790055;
34.19065019985741;
34.19409530046011;
34.19750453238512;
34.20087963723271;
34.204211819085735;
34.207490051624326;
34.210705218615935;
34.2138521004113;
34.21692614076022;
34.219917786302766;
34.2228152712032;
34.22561984183705;
34.22833522842681;
34.230961920352264;
34.23349448652058;
34.23593163648197;
34.2382840164319;
34.240562025827614;
34.24276036343545;
34.24486155005942;
34.2468517617738;
34.24873024180417;
34.25049959471311;
34.252159107088055;
34.25370317551152;
34.25513434002248;
34.25645230449142;
34.2576646716325;
34.25877918084401;
34.259797550571236;
34.26071861377608;
34.26153802189666;
34.262246888664514;
34.262835489262784;
34.263304122254226;
34.263667739015865;
34.26393552523711;
34.264111074576576;
34.26419236281554;
34.26417559279422;
34.26406128657032;
34.26384926681827;
34.26353502187204;
34.263109796386246;
34.262568062045425;
34.26192508219509;
34.261193340236716;
34.260383386059466;
34.25949595080129;
34.25853440028453;
34.257498456121525;
34.25638977334285;
34.25520221085939;
34.25393076851919;
34.2525746919013;
34.2511428138777;
34.24964131088903;
34.248067659548184;
34.246420775387804;
34.24470028470322;
34.24291134246865;
34.241067447781276;
34.239176954782344;
34.23724525642402;
34.23526556407718;
34.23324016187245;
34.231168013440175;
34.22904049751761;
34.226859264181414;
34.22463386732332;
34.22237008493844;
34.220070136337036;
34.21773331674217;
34.215362720906676;
34.21296244999643;
34.21053505632671;
34.20808245314418;
34.205605532925546;
34.20311251354707;
34.20060636723358;
34.198085675047636;
34.195548313271985;
34.19299907471548;
34.19044185418029;
34.1878776902912;
34.185305959909535;
34.18272036138872;
34.18011762841248;
34.17750307284195;
34.17488213633569;
