----------------------
:::::::::::::::::::::::::::::::::::::::::::::::::::::::::::::::::::::::::::::::
                                     Date and Time: 2025-03-28T12:18:58.996
:::::::::::::::::::::::::::::::::::::::::::::::::::::::::::::::::::::::::::::::
local boson: T = 0.0, alpha = 1.25, N_chain = 130, maxdim = 90, cutoff = -13, tau = 0.02, jump = 10, boson_dim = 8, omega = 5;
0.0;
0.061869932660743025;
0.24033919541912266;
0.5159056471551399;
0.8616966014492922;
1.2492754763076628;
1.653249414887845;
2.0537685229972498;
2.4370844755499554;
2.794868569263732;
3.1230043697080676;
3.420331157660167;
3.6875760929076034;
3.926551670035669;
4.139601339196254;
4.329250851831725;
4.498000252530861;
4.648204053548044;
4.782014911091897;
4.901360970446222;
5.00795583060029;
5.103310029729021;
5.188750012933448;
5.265429330849106;
5.334363240686717;
5.3964402912083305;
5.452441041361806;
5.50305059804736;
5.548857721739834;
5.5903955286892835;
5.6281367899976145;
5.662489586582414;
5.693812007397701;
5.7224213144322045;
5.748606520280211;
5.772623261827187;
5.794677445343241;
5.8149674456631555;
5.833659838003337;
5.850936184177622;
5.866918841385592;
5.881744974705502;
5.895517990166763;
5.908329505512424;
5.920264980862529;
5.9313941382704884;
5.941788428398933;
5.951518324865286;
5.960641446791255;
5.969211940716871;
5.9772789114000995;
5.984874156635341;
5.992040695269997;
5.998810703140808;
6.005218735941849;
6.0112967419276355;
6.01706241199512;
6.022540900416519;
6.027753238354682;
6.0327156013721535;
6.037463059356404;
6.042012124304892;
6.046374380755798;
6.050545216404147;
6.054525649833533;
6.058329490289985;
6.06196392121573;
6.06543842810199;
6.0687696671194535;
6.0719634731833345;
6.075032867538784;
6.077986371961914;
6.0808394526108405;
6.083584902927992;
6.0862359613507975;
6.088790168843923;
6.091256956586825;
6.093636321550057;
6.095941153112921;
6.09817239440577;
6.1003363693156585;
6.102433359636905;
6.104461945911506;
6.106426287099412;
6.108332003445667;
6.110178159447255;
6.111957318561737;
6.113675605789653;
6.115341125705319;
6.116958464305945;
