----------------------
:::::::::::::::::::::::::::::::::::::::::::::::::::::::::::::::::::::::::::::::
                                     Date and Time: 2024-09-26T22:39:10.429
:::::::::::::::::::::::::::::::::::::::::::::::::::::::::::::::::::::::::::::::
Independent boson: T = 1, alpha = 0.2, N_chain = 100, maxdim = 1000, cutoff = -8, tau = 0.006;
0.0003018254145059629;
0.0030098376393949966;
0.007553092448420173;
0.013954885848241338;
0.021770701514789437;
0.031745773388230925;
0.043609785123613354;
0.05738627638076366;
0.07309897290085632;
0.08886157945761364;
0.10810494897510181;
0.12931456023880794;
0.15251437812181523;
0.17772855459385617;
0.20066788419663972;
0.22936707056069594;
0.26011026524030145;
0.2929218536224937;
0.32782640877892233;
0.35717122806967205;
0.3955120478420254;
0.4359750713249566;
0.47858509799686977;
0.5233671152955199;
0.5583451204317025;
0.6065115387646758;
0.6568787417297883;
0.7094719348086975;
0.7643165113307593;
0.8041543997012068;
0.8623283481500654;
0.9227819968873563;
0.985540947566621;
1.0506309891847725;
1.0945545108579258;
1.1629156719418055;
1.2336357253419998;
1.306740657267344;
1.3822566403462826;
1.4294906323491534;
1.508216191200387;
1.5893800447615791;
1.67300855034542;
1.7591282503294947;
1.8088966567770315;
1.8981610201471544;
1.9899432172501674;
2.084269961154167;
2.1811681481794327;
2.2326940289525004;
2.332668511591601;
2.435240421939669;
2.5404368114797764;
2.6482849126406056;
2.7007904426632257;
2.8116429202922206;
----------------------
:::::::::::::::::::::::::::::::::::::::::::::::::::::::::::::::::::::::::::::::
                                     Date and Time: 2024-09-27T12:09:39.972
:::::::::::::::::::::::::::::::::::::::::::::::::::::::::::::::::::::::::::::::
Independent boson: T = 1, alpha = 1, N_chain = 100, maxdim = 1000, cutoff = -9, tau = 0.006;
0.004592463528896307;
0.017923998893598636;
0.039980680822726544;
0.07052710182213207;
0.10934534204006668;
0.15588128171315496;
0.20973889475545682;
0.2704014546247413;
0.33730839599191986;
0.41024642943636586;
0.4879159250790466;
0.5700064778211833;
0.6558968429070354;
0.7449764212601628;
0.83742534094155;
0.9312199047471936;
1.0265117839912186;
1.1228005040978484;
1.2196237154263454;
1.3177660704708771;
1.4145201452811944;
1.5106625600667778;
1.6058914095427868;
1.6999430731451715;
1.7942167614509534;
1.88534922950538;
1.9747214674519398;
2.0622013595289603;
2.147683447922194;
2.23308109370966;
2.3144176309755236;
2.393572505164021;
2.470521845083931;
2.5452565039620123;
2.620078137380155;
2.6904669045346883;
2.7586810011254346;
2.824752039320455;
2.888718087419906;
2.953159045826631;
3.071077619523657;
3.127142815618178;
3.1813515320321892;
3.23375946440799;
3.2877254922337813;
3.3367429441912897;
3.384123473964218;
3.42992244747064;
3.474200187225601;
3.5198951416219537;
3.5613410898550746;
3.6014381262938655;
3.6402290114223383;
3.6777423503423887;
3.717007859802118;
3.7521616639793143;
3.786198939077613;
3.819179276677048;
3.8511510374081737;
3.8851819944040327;
3.9152302507389267;
3.9443448189682093;
3.9725703705971753;
3.9999170930460846;
4.029525351050878;
4.055292443220881;
4.080312291320176;
4.104667021785057;
4.128364118646813;
4.154464039411143;
4.177021504072109;
4.19884064267872;
4.220110357734607;
4.2408299231441955;
4.2642171767207415;
4.283965553590033;
4.303153864640296;
4.32178248414154;
4.339854573927027;
4.360597667810823;
4.377489875948792;
4.393741663028576;
4.409473965337857;
4.424880276598101;
4.443288780440381;
4.458389236004419;
4.47339450612928;
4.487993937073859;
4.502641816905206;
4.519712306378004;
4.533293059476268;
4.546496214117962;
4.559209839834899;
4.571596285675483;
4.586910905195812;
4.598739777967081;
4.610309555453451;
4.621545558034157;
4.632469651431088;
4.646339934093457;
4.656420680944323;
4.6666814073585305;
4.676835003246787;
4.686912463037151;
4.700124152452811;
4.710050437140029;
4.719955336670117;
4.729888009031197;
4.7396666673967776;
4.75243369876428;
4.7613144551430615;
4.7699791318775215;
4.778450851726984;
4.7869520293420615;
4.798553607064132;
4.806765566728132;
4.814822310875404;
4.822725378462311;
4.830458782252567;
4.841305879219592;
4.848774717303883;
4.8561327622036385;
4.863411716192606;
4.870655534862697;
4.881162638454706;
4.8882110014683855;
4.895136158214725;
4.902407626527966;
4.909121031123098;
4.918840948875047;
4.925168548544906;
4.931407527815979;
4.93749292546421;
4.943495878622644;
4.953425918183473;
4.959901279478227;
4.966006537331719;
4.9719467797689765;
4.977807484088687;
4.987141624312469;
4.992882196169751;
4.998777754394423;
5.004620924110218;
5.0105573161387476;
5.019217189480591;
5.0245833000141875;
5.0297286696553645;
5.034847724957631;
5.040154643541472;
5.048677076409535;
5.053945526883139;
5.059135875346403;
5.064315066553988;
5.0694614046793705;
5.077780616751804;
5.082757909979706;
5.087851501747812;
5.092897009255792;
5.097637955807559;
5.105632539523825;
5.110123628444748;
5.114633529577764;
5.119171352568851;
5.123738781292353;
5.131499119888875;
5.135956387663601;
5.140300575655974;
5.14462197513833;
5.149029773816266;
5.156747416773034;
5.161223078363069;
5.165643050405462;
5.170057219003535;
5.174559875219097;
5.182173272592316;
5.186372476083885;
5.190545607488143;
5.194726089388003;
5.198858267000612;
5.2061653187061685;
5.210312817418262;
5.214465845856091;
5.21863105634674;
5.222167487620323;
5.229388154679842;
5.233293788568848;
5.238101160829186;
5.242365347275168;
5.2461920961620345;
5.253245743031938;
5.257183080576456;
5.261224405060435;
5.2654292188936855;
5.2698229182241665;
5.2776541161701935;
5.281764660634508;
5.28625536304995;
5.290684241680904;
5.295051424916125;
5.302674579370427;
5.306983922125508;
5.311748479489201;
5.315995961694053;
5.320208487488427;
5.327655837527145;
5.331889870994611;
5.33618314117916;
5.3402577971200635;
5.344420313966849;
5.3518748188973495;
5.356262669271589;
5.360809140268308;
5.365545112131109;
5.369962260542415;
5.377462443894538;
5.381823397093148;
5.386242399482372;
5.390696695286072;
5.39508852260315;
5.40277418394128;
5.406986355259834;
5.411113368447755;
5.415176889311218;
5.419228334024185;
5.426477138250285;
5.4303788219497475;
5.43425528009216;
5.438199977404963;
5.44214445244659;
5.449609328790602;
5.453616154038016;
5.457589466227831;
5.4615263516626875;
5.465449121198391;
5.472639932384582;
5.476583430764497;
5.480488069026918;
5.484266914389443;
5.488077795794308;
5.495140515212089;
Date and Time: 2024-09-27T12:38:59.079
Output: Independent boson: T = 1, alpha = 1, N_chain = 100, maxdim = 1000, cutoff = -9, tau = 0.006
[0.00013176665966674328, 0.004592463528896307, 0.017923998893598636, 0.039980680822726544, 0.07052710182213207, 0.10934534204006668, 0.15588128171315496, 0.20973889475545682, 0.2704014546247413, 0.33730839599191986, 0.41024642943636586, 0.4879159250790466, 0.5700064778211833, 0.6558968429070354, 0.7449764212601628, 0.83742534094155, 0.9312199047471936, 1.0265117839912186, 1.1228005040978484, 1.2196237154263454, 1.3177660704708771, 1.4145201452811944, 1.5106625600667778, 1.6058914095427868, 1.6999430731451715, 1.7942167614509534, 1.88534922950538, 1.9747214674519398, 2.0622013595289603, 2.147683447922194, 2.23308109370966, 2.3144176309755236, 2.393572505164021, 2.470521845083931, 2.5452565039620123, 2.620078137380155, 2.6904669045346883, 2.7586810011254346, 2.824752039320455, 2.888718087419906, 2.953159045826631, 3.071077619523657, 3.127142815618178, 3.1813515320321892, 3.23375946440799, 3.2877254922337813, 3.3367429441912897, 3.384123473964218, 3.42992244747064, 3.474200187225601, 3.5198951416219537, 3.5613410898550746, 3.6014381262938655, 3.6402290114223383, 3.6777423503423887, 3.717007859802118, 3.7521616639793143, 3.786198939077613, 3.819179276677048, 3.8511510374081737, 3.8851819944040327, 3.9152302507389267, 3.9443448189682093, 3.9725703705971753, 3.9999170930460846, 4.029525351050878, 4.055292443220881, 4.080312291320176, 4.104667021785057, 4.128364118646813, 4.154464039411143, 4.177021504072109, 4.19884064267872, 4.220110357734607, 4.2408299231441955, 4.2642171767207415, 4.283965553590033, 4.303153864640296, 4.32178248414154, 4.339854573927027, 4.360597667810823, 4.377489875948792, 4.393741663028576, 4.409473965337857, 4.424880276598101, 4.443288780440381, 4.458389236004419, 4.47339450612928, 4.487993937073859, 4.502641816905206, 4.519712306378004, 4.533293059476268, 4.546496214117962, 4.559209839834899, 4.571596285675483, 4.586910905195812, 4.598739777967081, 4.610309555453451, 4.621545558034157, 4.632469651431088, 4.646339934093457, 4.656420680944323, 4.6666814073585305, 4.676835003246787, 4.686912463037151, 4.700124152452811, 4.710050437140029, 4.719955336670117, 4.729888009031197, 4.7396666673967776, 4.75243369876428, 4.7613144551430615, 4.7699791318775215, 4.778450851726984, 4.7869520293420615, 4.798553607064132, 4.806765566728132, 4.814822310875404, 4.822725378462311, 4.830458782252567, 4.841305879219592, 4.848774717303883, 4.8561327622036385, 4.863411716192606, 4.870655534862697, 4.881162638454706, 4.8882110014683855, 4.895136158214725, 4.902407626527966, 4.909121031123098, 4.918840948875047, 4.925168548544906, 4.931407527815979, 4.93749292546421, 4.943495878622644, 4.953425918183473, 4.959901279478227, 4.966006537331719, 4.9719467797689765, 4.977807484088687, 4.987141624312469, 4.992882196169751, 4.998777754394423, 5.004620924110218, 5.0105573161387476, 5.019217189480591, 5.0245833000141875, 5.0297286696553645, 5.034847724957631, 5.040154643541472, 5.048677076409535, 5.053945526883139, 5.059135875346403, 5.064315066553988, 5.0694614046793705, 5.077780616751804, 5.082757909979706, 5.087851501747812, 5.092897009255792, 5.097637955807559, 5.105632539523825, 5.110123628444748, 5.114633529577764, 5.119171352568851, 5.123738781292353, 5.131499119888875, 5.135956387663601, 5.140300575655974, 5.14462197513833, 5.149029773816266, 5.156747416773034, 5.161223078363069, 5.165643050405462, 5.170057219003535, 5.174559875219097, 5.182173272592316, 5.186372476083885, 5.190545607488143, 5.194726089388003, 5.198858267000612, 5.2061653187061685, 5.210312817418262, 5.214465845856091, 5.21863105634674, 5.222167487620323, 5.229388154679842, 5.233293788568848, 5.238101160829186, 5.242365347275168, 5.2461920961620345, 5.253245743031938, 5.257183080576456, 5.261224405060435, 5.2654292188936855, 5.2698229182241665, 5.2776541161701935, 5.281764660634508, 5.28625536304995, 5.290684241680904, 5.295051424916125, 5.302674579370427, 5.306983922125508, 5.311748479489201, 5.315995961694053, 5.320208487488427, 5.327655837527145, 5.331889870994611, 5.33618314117916, 5.3402577971200635, 5.344420313966849, 5.3518748188973495, 5.356262669271589, 5.360809140268308, 5.365545112131109, 5.369962260542415, 5.377462443894538, 5.381823397093148, 5.386242399482372, 5.390696695286072, 5.39508852260315, 5.40277418394128, 5.406986355259834, 5.411113368447755, 5.415176889311218, 5.419228334024185, 5.426477138250285, 5.4303788219497475, 5.43425528009216, 5.438199977404963, 5.44214445244659, 5.449609328790602, 5.453616154038016, 5.457589466227831, 5.4615263516626875, 5.465449121198391, 5.472639932384582, 5.476583430764497, 5.480488069026918, 5.484266914389443, 5.488077795794308, 5.495140515212089]
----------------------
