----------------------
:::::::::::::::::::::::::::::::::::::::::::::::::::::::::::::::::::::::::::::::
                                     Date and Time: 2024-09-23T20:51:21.644
:::::::::::::::::::::::::::::::::::::::::::::::::::::::::::::::::::::::::::::::
Independent boson: T = 1, alpha = 0.2, N_chain = 50, maxdim = 1000, cutoff = -8, tau = 0.008;
0.014157363580780125;
0.02490016255159433;
0.03838006078167033;
0.054368059087879506;
0.07260471826618375;
0.09280991681612227;
0.11469251686011574;
0.13795940181389743;
0.16232347138263048;
0.18751031915694263;
0.21326345669265834;
0.23934807091907095;
0.26555339971733316;
0.2916938796319324;
0.3176092604567915;
0.34316389746874565;
0.3682454287041059;
0.39276302768596616;
0.4166453967790862;
0.4398386373897223;
0.4623041039390652;
0.48401632120737004;
0.5049610206187993;
0.5251333309903461;
0.5445361431930862;
0.5631786559102681;
0.5810751006970205;
0.5982436383426826;
0.6147054145732855;
0.630483760881051;
0.6456035252819752;
0.6600905177782168;
0.6739710558275158;
0.6872715961092374;
0.7000184400189791;
0.7122375016224036;
0.7239541280599782;
0.7351929636644328;
0.7459778501882786;
0.7563317566332273;
0.7662767331259979;
0.7758338841472812;
0.7850233571812582;
0.7938643435204229;
0.8023750885219338;
0.8105729091261921;
0.8184742168381847;
0.8260945447604181;
0.8334485775345901;
0.840550183307523;
Date and Time: 2024-09-23T20:52:53.188
Output: Independent boson: T = 1, alpha = 0.2, N_chain = 50, maxdim = 1000, cutoff = -8, tau = 0.008
[0.0, 0.014157363580780125, 0.02490016255159433, 0.03838006078167033, 0.054368059087879506, 0.07260471826618375, 0.09280991681612227, 0.11469251686011574, 0.13795940181389743, 0.16232347138263048, 0.18751031915694263, 0.21326345669265834, 0.23934807091907095, 0.26555339971733316, 0.2916938796319324, 0.3176092604567915, 0.34316389746874565, 0.3682454287041059, 0.39276302768596616, 0.4166453967790862, 0.4398386373897223, 0.4623041039390652, 0.48401632120737004, 0.5049610206187993, 0.5251333309903461, 0.5445361431930862, 0.5631786559102681, 0.5810751006970205, 0.5982436383426826, 0.6147054145732855, 0.630483760881051, 0.6456035252819752, 0.6600905177782168, 0.6739710558275158, 0.6872715961092374, 0.7000184400189791, 0.7122375016224036, 0.7239541280599782, 0.7351929636644328, 0.7459778501882786, 0.7563317566332273, 0.7662767331259979, 0.7758338841472812, 0.7850233571812582, 0.7938643435204229, 0.8023750885219338, 0.8105729091261921, 0.8184742168381847, 0.8260945447604181, 0.8334485775345901, 0.840550183307523]
----------------------
0.8474124470315592;
0.8540477045611506;
0.8604675771420217;
0.8666830059773438;
0.8727042866321024;
0.8785411030808078;
0.8842025612570739;
0.8896972219712331;
0.8950331330890148;
0.9002178608818088;
0.9052585204515141;
0.9101618051576159;
0.9149340149608101;
0.9195810836214098;
0.9241086046853968;
0.9285218562040183;
0.9328258241423701;
0.9370252244445645;
0.9411245237292492;
0.9451279586037075;
0.9490395536064287;
0.9528631377808082;
0.9566023599174844;
0.9602607024915473;
0.9638414943486465;
0.9673479221905201;
0.9707830409237405;
0.9741497829392719;
0.9774509663924844;
0.9806893025603466;
0.9838674023484879;
0.9869877820226053;
0.9900528682421454;
0.993065002462575;
0.9960264447741103;
0.9989393772417237;
1.0018059068123173;
1.0046280678363309;
1.0074078242683295;
1.0101470715957706;
1.0128476385373881;
1.0155112885691635;
1.018139721303787;
1.0207345737692166;
1.0232974216042274;
1.0258297802010299;
1.0283331058136802;
1.030808796648602;
1.0332581939557974;
1.035682583133964;
Date and Time: 2024-09-23T20:53:42.837
Output: Independent boson: T = 1, alpha = 0.2, N_chain = 50, maxdim = 1000, cutoff = -8, tau = 0.008
[0.0, 0.014157363580780125, 0.02490016255159433, 0.03838006078167033, 0.054368059087879506, 0.07260471826618375, 0.09280991681612227, 0.11469251686011574, 0.13795940181389743, 0.16232347138263048, 0.18751031915694263, 0.21326345669265834, 0.23934807091907095, 0.26555339971733316, 0.2916938796319324, 0.3176092604567915, 0.34316389746874565, 0.3682454287041059, 0.39276302768596616, 0.4166453967790862, 0.4398386373897223, 0.4623041039390652, 0.48401632120737004, 0.5049610206187993, 0.5251333309903461, 0.5445361431930862, 0.5631786559102681, 0.5810751006970205, 0.5982436383426826, 0.6147054145732855, 0.630483760881051, 0.6456035252819752, 0.6600905177782168, 0.6739710558275158, 0.6872715961092374, 0.7000184400189791, 0.7122375016224036, 0.7239541280599782, 0.7351929636644328, 0.7459778501882786, 0.7563317566332273, 0.7662767331259979, 0.7758338841472812, 0.7850233571812582, 0.7938643435204229, 0.8023750885219338, 0.8105729091261921, 0.8184742168381847, 0.8260945447604181, 0.8334485775345901, 0.840550183307523, 0.8474124470315592, 0.8540477045611506, 0.8604675771420217, 0.8666830059773438, 0.8727042866321024, 0.8785411030808078, 0.8842025612570739, 0.8896972219712331, 0.8950331330890148, 0.9002178608818088, 0.9052585204515141, 0.9101618051576159, 0.9149340149608101, 0.9195810836214098, 0.9241086046853968, 0.9285218562040183, 0.9328258241423701, 0.9370252244445645, 0.9411245237292492, 0.9451279586037075, 0.9490395536064287, 0.9528631377808082, 0.9566023599174844, 0.9602607024915473, 0.9638414943486465, 0.9673479221905201, 0.9707830409237405, 0.9741497829392719, 0.9774509663924844, 0.9806893025603466, 0.9838674023484879, 0.9869877820226053, 0.9900528682421454, 0.993065002462575, 0.9960264447741103, 0.9989393772417237, 1.0018059068123173, 1.0046280678363309, 1.0074078242683295, 1.0101470715957706, 1.0128476385373881, 1.0155112885691635, 1.018139721303787, 1.0207345737692166, 1.0232974216042274, 1.0258297802010299, 1.0283331058136802, 1.030808796648602, 1.0332581939557974, 1.035682583133964]
----------------------
1.0380831948616827;
1.0404612062587866;
1.0428177420765012;
1.0451538759141854;
1.04747063146101;
1.0497689837484396;
1.0520498604260649;
1.054314143060108;
1.0565626684543998;
1.0587962299965212;
1.0610155790178333;
1.0632214261652086;
1.0654144427700751;
1.0675952622208111;
1.0697644813401712;
1.071922661769743;
1.0740703313666276;
1.0762079856006426;
1.0783360889368923;
1.0804550761946319;
1.0825653538689168;
1.0846673014166066;
1.086761272513886;
1.0888475962951334;
1.0909265785749787;
1.0929985030666933;
1.0950636325946017;
1.0971222103095302;
1.0991744608858984;
1.1012205916664721;
1.1032607936792092;
1.1052952424515825;
1.1073240985721584;
1.1093475080281248;
1.1113656024714578;
1.1133784996301672;
1.1153863041162615;
1.1173891087626362;
1.11938699641786;
1.1213800418740811;
1.1233683134562018;
1.1253518738643786;
1.1273307802466848;
1.1293050840691508;
1.1312748319242456;
1.13324006853893;
1.1352008425564126;
1.1371572139438417;
1.1391092595638503;
1.1410570713719785;
Date and Time: 2024-09-23T20:54:16.450
Output: Independent boson: T = 1, alpha = 0.2, N_chain = 50, maxdim = 1000, cutoff = -8, tau = 0.008
[0.0, 0.014157363580780125, 0.02490016255159433, 0.03838006078167033, 0.054368059087879506, 0.07260471826618375, 0.09280991681612227, 0.11469251686011574, 0.13795940181389743, 0.16232347138263048, 0.18751031915694263, 0.21326345669265834, 0.23934807091907095, 0.26555339971733316, 0.2916938796319324, 0.3176092604567915, 0.34316389746874565, 0.3682454287041059, 0.39276302768596616, 0.4166453967790862, 0.4398386373897223, 0.4623041039390652, 0.48401632120737004, 0.5049610206187993, 0.5251333309903461, 0.5445361431930862, 0.5631786559102681, 0.5810751006970205, 0.5982436383426826, 0.6147054145732855, 0.630483760881051, 0.6456035252819752, 0.6600905177782168, 0.6739710558275158, 0.6872715961092374, 0.7000184400189791, 0.7122375016224036, 0.7239541280599782, 0.7351929636644328, 0.7459778501882786, 0.7563317566332273, 0.7662767331259979, 0.7758338841472812, 0.7850233571812582, 0.7938643435204229, 0.8023750885219338, 0.8105729091261921, 0.8184742168381847, 0.8260945447604181, 0.8334485775345901, 0.840550183307523, 0.8474124470315592, 0.8540477045611506, 0.8604675771420217, 0.8666830059773438, 0.8727042866321024, 0.8785411030808078, 0.8842025612570739, 0.8896972219712331, 0.8950331330890148, 0.9002178608818088, 0.9052585204515141, 0.9101618051576159, 0.9149340149608101, 0.9195810836214098, 0.9241086046853968, 0.9285218562040183, 0.9328258241423701, 0.9370252244445645, 0.9411245237292492, 0.9451279586037075, 0.9490395536064287, 0.9528631377808082, 0.9566023599174844, 0.9602607024915473, 0.9638414943486465, 0.9673479221905201, 0.9707830409237405, 0.9741497829392719, 0.9774509663924844, 0.9806893025603466, 0.9838674023484879, 0.9869877820226053, 0.9900528682421454, 0.993065002462575, 0.9960264447741103, 0.9989393772417237, 1.0018059068123173, 1.0046280678363309, 1.0074078242683295, 1.0101470715957706, 1.0128476385373881, 1.0155112885691635, 1.018139721303787, 1.0207345737692166, 1.0232974216042274, 1.0258297802010299, 1.0283331058136802, 1.030808796648602, 1.0332581939557974, 1.035682583133964, 1.0380831948616827, 1.0404612062587866, 1.0428177420765012, 1.0451538759141854, 1.04747063146101, 1.0497689837484396, 1.0520498604260649, 1.054314143060108, 1.0565626684543998, 1.0587962299965212, 1.0610155790178333, 1.0632214261652086, 1.0654144427700751, 1.0675952622208111, 1.0697644813401712, 1.071922661769743, 1.0740703313666276, 1.0762079856006426, 1.0783360889368923, 1.0804550761946319, 1.0825653538689168, 1.0846673014166066, 1.086761272513886, 1.0888475962951334, 1.0909265785749787, 1.0929985030666933, 1.0950636325946017, 1.0971222103095302, 1.0991744608858984, 1.1012205916664721, 1.1032607936792092, 1.1052952424515825, 1.1073240985721584, 1.1093475080281248, 1.1113656024714578, 1.1133784996301672, 1.1153863041162615, 1.1173891087626362, 1.11938699641786, 1.1213800418740811, 1.1233683134562018, 1.1253518738643786, 1.1273307802466848, 1.1293050840691508, 1.1312748319242456, 1.13324006853893, 1.1352008425564126, 1.1371572139438417, 1.1391092595638503, 1.1410570713719785]
----------------------
1.143000741253682;
1.1449403289312798;
1.1468758151893395;
1.1488070509655868;
1.1507337212508182;
1.1526553475744092;
1.154571350507859;
1.156481181895466;
1.1583845161300024;
1.1602814649523063;
1.16217275813905;
1.1640598214709976;
1.1659446903583253;
1.1678297251417367;
1.169717139174746;
1.1716084041182346;
1.1735036452919059;
1.175401169528053;
1.1772972681117342;
1.1791864036930575;
1.1810618261411567;
1.1829165791406082;
1.1847447730055989;
1.1865429273647248;
1.1883111456579216;
1.190053882028067;
1.1917801033112008;
1.1935027296909417;
1.1952373455138474;
1.1970002899920398;
1.1988063470437544;
1.200666336046381;
1.2025849464305391;
1.2045591507706799;
1.2065774730049093;
1.2086202881953794;
1.210661201749636;
1.2126694172594905;
1.2146128720136673;
1.2164618148084116;
1.2181924349057391;
1.2197901312120432;
1.2212520386145462;
1.222588499727531;
1.2238232761795076;
1.2249924215543324;
1.2261418737042125;
1.2273239528164308;
1.2285930601971602;
1.230000951134308;
Date and Time: 2024-09-23T20:54:37.269
Output: Independent boson: T = 1, alpha = 0.2, N_chain = 50, maxdim = 1000, cutoff = -8, tau = 0.008
[0.0, 0.014157363580780125, 0.02490016255159433, 0.03838006078167033, 0.054368059087879506, 0.07260471826618375, 0.09280991681612227, 0.11469251686011574, 0.13795940181389743, 0.16232347138263048, 0.18751031915694263, 0.21326345669265834, 0.23934807091907095, 0.26555339971733316, 0.2916938796319324, 0.3176092604567915, 0.34316389746874565, 0.3682454287041059, 0.39276302768596616, 0.4166453967790862, 0.4398386373897223, 0.4623041039390652, 0.48401632120737004, 0.5049610206187993, 0.5251333309903461, 0.5445361431930862, 0.5631786559102681, 0.5810751006970205, 0.5982436383426826, 0.6147054145732855, 0.630483760881051, 0.6456035252819752, 0.6600905177782168, 0.6739710558275158, 0.6872715961092374, 0.7000184400189791, 0.7122375016224036, 0.7239541280599782, 0.7351929636644328, 0.7459778501882786, 0.7563317566332273, 0.7662767331259979, 0.7758338841472812, 0.7850233571812582, 0.7938643435204229, 0.8023750885219338, 0.8105729091261921, 0.8184742168381847, 0.8260945447604181, 0.8334485775345901, 0.840550183307523, 0.8474124470315592, 0.8540477045611506, 0.8604675771420217, 0.8666830059773438, 0.8727042866321024, 0.8785411030808078, 0.8842025612570739, 0.8896972219712331, 0.8950331330890148, 0.9002178608818088, 0.9052585204515141, 0.9101618051576159, 0.9149340149608101, 0.9195810836214098, 0.9241086046853968, 0.9285218562040183, 0.9328258241423701, 0.9370252244445645, 0.9411245237292492, 0.9451279586037075, 0.9490395536064287, 0.9528631377808082, 0.9566023599174844, 0.9602607024915473, 0.9638414943486465, 0.9673479221905201, 0.9707830409237405, 0.9741497829392719, 0.9774509663924844, 0.9806893025603466, 0.9838674023484879, 0.9869877820226053, 0.9900528682421454, 0.993065002462575, 0.9960264447741103, 0.9989393772417237, 1.0018059068123173, 1.0046280678363309, 1.0074078242683295, 1.0101470715957706, 1.0128476385373881, 1.0155112885691635, 1.018139721303787, 1.0207345737692166, 1.0232974216042274, 1.0258297802010299, 1.0283331058136802, 1.030808796648602, 1.0332581939557974, 1.035682583133964, 1.0380831948616827, 1.0404612062587866, 1.0428177420765012, 1.0451538759141854, 1.04747063146101, 1.0497689837484396, 1.0520498604260649, 1.054314143060108, 1.0565626684543998, 1.0587962299965212, 1.0610155790178333, 1.0632214261652086, 1.0654144427700751, 1.0675952622208111, 1.0697644813401712, 1.071922661769743, 1.0740703313666276, 1.0762079856006426, 1.0783360889368923, 1.0804550761946319, 1.0825653538689168, 1.0846673014166066, 1.086761272513886, 1.0888475962951334, 1.0909265785749787, 1.0929985030666933, 1.0950636325946017, 1.0971222103095302, 1.0991744608858984, 1.1012205916664721, 1.1032607936792092, 1.1052952424515825, 1.1073240985721584, 1.1093475080281248, 1.1113656024714578, 1.1133784996301672, 1.1153863041162615, 1.1173891087626362, 1.11938699641786, 1.1213800418740811, 1.1233683134562018, 1.1253518738643786, 1.1273307802466848, 1.1293050840691508, 1.1312748319242456, 1.13324006853893, 1.1352008425564126, 1.1371572139438417, 1.1391092595638503, 1.1410570713719785, 1.143000741253682, 1.1449403289312798, 1.1468758151893395, 1.1488070509655868, 1.1507337212508182, 1.1526553475744092, 1.154571350507859, 1.156481181895466, 1.1583845161300024, 1.1602814649523063, 1.16217275813905, 1.1640598214709976, 1.1659446903583253, 1.1678297251417367, 1.169717139174746, 1.1716084041182346, 1.1735036452919059, 1.175401169528053, 1.1772972681117342, 1.1791864036930575, 1.1810618261411567, 1.1829165791406082, 1.1847447730055989, 1.1865429273647248, 1.1883111456579216, 1.190053882028067, 1.1917801033112008, 1.1935027296909417, 1.1952373455138474, 1.1970002899920398, 1.1988063470437544, 1.200666336046381, 1.2025849464305391, 1.2045591507706799, 1.2065774730049093, 1.2086202881953794, 1.210661201749636, 1.2126694172594905, 1.2146128720136673, 1.2164618148084116, 1.2181924349057391, 1.2197901312120432, 1.2212520386145462, 1.222588499727531, 1.2238232761795076, 1.2249924215543324, 1.2261418737042125, 1.2273239528164308, 1.2285930601971602, 1.230000951134308]
----------------------
1.2315919969336142;
1.2333988539534064;
1.23543892259089;
1.2377119114211792;
1.2401987284588143;
1.242861811874085;
1.2456468965596228;
1.248486100584792;
1.2513021157900408;
1.2540132067635963;
1.256538667189937;
1.2588043549201717;
1.2607479273696782;
1.2623234256375844;
1.2635049055616698;
1.264288882140499;
1.2646954346197987;
1.2647679068963662;
1.2645712256453274;
1.264188941198314;
1.2637191688814886;
1.2632696675830908;
1.2629523350445218;
1.2628774242822187;
1.2631477923266685;
1.2638534819021336;
1.2650669105124805;
1.2668389020500328;
1.269195746416849;
1.2721374157975258;
1.2756370054783945;
1.2796414057744092;
1.2840731529657696;
1.2888333541103039;
1.2938055356362985;
1.298860230423389;
1.3038600936529836;
1.3086653241215964;
1.313139164458587;
1.3171532596526594;
1.3205926671433048;
1.3233603321995058;
1.3253808683963877;
1.3266035139627892;
1.3270041699542776;
1.32658646460048;
1.3253818281734293;
1.3234486021678151;
1.3208702429750907;
1.3177527113300365;
Date and Time: 2024-09-23T20:55:02.959
Output: Independent boson: T = 1, alpha = 0.2, N_chain = 50, maxdim = 1000, cutoff = -8, tau = 0.008
[0.0, 0.014157363580780125, 0.02490016255159433, 0.03838006078167033, 0.054368059087879506, 0.07260471826618375, 0.09280991681612227, 0.11469251686011574, 0.13795940181389743, 0.16232347138263048, 0.18751031915694263, 0.21326345669265834, 0.23934807091907095, 0.26555339971733316, 0.2916938796319324, 0.3176092604567915, 0.34316389746874565, 0.3682454287041059, 0.39276302768596616, 0.4166453967790862, 0.4398386373897223, 0.4623041039390652, 0.48401632120737004, 0.5049610206187993, 0.5251333309903461, 0.5445361431930862, 0.5631786559102681, 0.5810751006970205, 0.5982436383426826, 0.6147054145732855, 0.630483760881051, 0.6456035252819752, 0.6600905177782168, 0.6739710558275158, 0.6872715961092374, 0.7000184400189791, 0.7122375016224036, 0.7239541280599782, 0.7351929636644328, 0.7459778501882786, 0.7563317566332273, 0.7662767331259979, 0.7758338841472812, 0.7850233571812582, 0.7938643435204229, 0.8023750885219338, 0.8105729091261921, 0.8184742168381847, 0.8260945447604181, 0.8334485775345901, 0.840550183307523, 0.8474124470315592, 0.8540477045611506, 0.8604675771420217, 0.8666830059773438, 0.8727042866321024, 0.8785411030808078, 0.8842025612570739, 0.8896972219712331, 0.8950331330890148, 0.9002178608818088, 0.9052585204515141, 0.9101618051576159, 0.9149340149608101, 0.9195810836214098, 0.9241086046853968, 0.9285218562040183, 0.9328258241423701, 0.9370252244445645, 0.9411245237292492, 0.9451279586037075, 0.9490395536064287, 0.9528631377808082, 0.9566023599174844, 0.9602607024915473, 0.9638414943486465, 0.9673479221905201, 0.9707830409237405, 0.9741497829392719, 0.9774509663924844, 0.9806893025603466, 0.9838674023484879, 0.9869877820226053, 0.9900528682421454, 0.993065002462575, 0.9960264447741103, 0.9989393772417237, 1.0018059068123173, 1.0046280678363309, 1.0074078242683295, 1.0101470715957706, 1.0128476385373881, 1.0155112885691635, 1.018139721303787, 1.0207345737692166, 1.0232974216042274, 1.0258297802010299, 1.0283331058136802, 1.030808796648602, 1.0332581939557974, 1.035682583133964, 1.0380831948616827, 1.0404612062587866, 1.0428177420765012, 1.0451538759141854, 1.04747063146101, 1.0497689837484396, 1.0520498604260649, 1.054314143060108, 1.0565626684543998, 1.0587962299965212, 1.0610155790178333, 1.0632214261652086, 1.0654144427700751, 1.0675952622208111, 1.0697644813401712, 1.071922661769743, 1.0740703313666276, 1.0762079856006426, 1.0783360889368923, 1.0804550761946319, 1.0825653538689168, 1.0846673014166066, 1.086761272513886, 1.0888475962951334, 1.0909265785749787, 1.0929985030666933, 1.0950636325946017, 1.0971222103095302, 1.0991744608858984, 1.1012205916664721, 1.1032607936792092, 1.1052952424515825, 1.1073240985721584, 1.1093475080281248, 1.1113656024714578, 1.1133784996301672, 1.1153863041162615, 1.1173891087626362, 1.11938699641786, 1.1213800418740811, 1.1233683134562018, 1.1253518738643786, 1.1273307802466848, 1.1293050840691508, 1.1312748319242456, 1.13324006853893, 1.1352008425564126, 1.1371572139438417, 1.1391092595638503, 1.1410570713719785, 1.143000741253682, 1.1449403289312798, 1.1468758151893395, 1.1488070509655868, 1.1507337212508182, 1.1526553475744092, 1.154571350507859, 1.156481181895466, 1.1583845161300024, 1.1602814649523063, 1.16217275813905, 1.1640598214709976, 1.1659446903583253, 1.1678297251417367, 1.169717139174746, 1.1716084041182346, 1.1735036452919059, 1.175401169528053, 1.1772972681117342, 1.1791864036930575, 1.1810618261411567, 1.1829165791406082, 1.1847447730055989, 1.1865429273647248, 1.1883111456579216, 1.190053882028067, 1.1917801033112008, 1.1935027296909417, 1.1952373455138474, 1.1970002899920398, 1.1988063470437544, 1.200666336046381, 1.2025849464305391, 1.2045591507706799, 1.2065774730049093, 1.2086202881953794, 1.210661201749636, 1.2126694172594905, 1.2146128720136673, 1.2164618148084116, 1.2181924349057391, 1.2197901312120432, 1.2212520386145462, 1.222588499727531, 1.2238232761795076, 1.2249924215543324, 1.2261418737042125, 1.2273239528164308, 1.2285930601971602, 1.230000951134308, 1.2315919969336142, 1.2333988539534064, 1.23543892259089, 1.2377119114211792, 1.2401987284588143, 1.242861811874085, 1.2456468965596228, 1.248486100584792, 1.2513021157900408, 1.2540132067635963, 1.256538667189937, 1.2588043549201717, 1.2607479273696782, 1.2623234256375844, 1.2635049055616698, 1.264288882140499, 1.2646954346197987, 1.2647679068963662, 1.2645712256453274, 1.264188941198314, 1.2637191688814886, 1.2632696675830908, 1.2629523350445218, 1.2628774242822187, 1.2631477923266685, 1.2638534819021336, 1.2650669105124805, 1.2668389020500328, 1.269195746416849, 1.2721374157975258, 1.2756370054783945, 1.2796414057744092, 1.2840731529657696, 1.2888333541103039, 1.2938055356362985, 1.298860230423389, 1.3038600936529836, 1.3086653241215964, 1.313139164458587, 1.3171532596526594, 1.3205926671433048, 1.3233603321995058, 1.3253808683963877, 1.3266035139627892, 1.3270041699542776, 1.32658646460048, 1.3253818281734293, 1.3234486021678151, 1.3208702429750907, 1.3177527113300365]
----------------------
1.3142211631106475;
1.3104160740426367;
1.3064889410283558;
1.302597707274009;
1.2989020584387956;
1.2955587336205376;
1.2927169885382026;
1.2905143387836733;
1.2890726982786511;
1.2884950123345342;
1.288862466454929;
1.2902323322485871;
1.292636491464818;
1.2960806589003948;
1.3005443051450085;
1.3059812609339079;
1.3123209666248052;
1.3194703134958616;
1.3273160090215488;
1.3357273867562762;
1.3445595733940243;
1.3536569209474223;
1.362856610465843;
1.371992334737417;
1.380897970617103;
1.3894300056594773;
1.3974178224347555;
1.4047144160362373;
1.4111881394299437;
1.4167238168121268;
1.4212247088641956;
1.4246141861241801;
1.4268369079066348;
1.4278593734013736;
1.427669588647319;
1.4262755090096904;
1.4237023537553875;
1.4199902830796034;
1.4151949546710116;
1.409391428210078;
1.402678190501749;
1.395177913002015;
1.387034844809375;
1.3784107933050085;
1.3694810801362078;
1.360430588351204;
1.351449293853703;
1.342726581247209;
1.3344440782954416;
1.3267676624973146;
Date and Time: 2024-09-23T20:58:34.152
Output: Independent boson: T = 1, alpha = 0.2, N_chain = 50, maxdim = 1000, cutoff = -8, tau = 0.008
[0.0, 0.014157363580780125, 0.02490016255159433, 0.03838006078167033, 0.054368059087879506, 0.07260471826618375, 0.09280991681612227, 0.11469251686011574, 0.13795940181389743, 0.16232347138263048, 0.18751031915694263, 0.21326345669265834, 0.23934807091907095, 0.26555339971733316, 0.2916938796319324, 0.3176092604567915, 0.34316389746874565, 0.3682454287041059, 0.39276302768596616, 0.4166453967790862, 0.4398386373897223, 0.4623041039390652, 0.48401632120737004, 0.5049610206187993, 0.5251333309903461, 0.5445361431930862, 0.5631786559102681, 0.5810751006970205, 0.5982436383426826, 0.6147054145732855, 0.630483760881051, 0.6456035252819752, 0.6600905177782168, 0.6739710558275158, 0.6872715961092374, 0.7000184400189791, 0.7122375016224036, 0.7239541280599782, 0.7351929636644328, 0.7459778501882786, 0.7563317566332273, 0.7662767331259979, 0.7758338841472812, 0.7850233571812582, 0.7938643435204229, 0.8023750885219338, 0.8105729091261921, 0.8184742168381847, 0.8260945447604181, 0.8334485775345901, 0.840550183307523, 0.8474124470315592, 0.8540477045611506, 0.8604675771420217, 0.8666830059773438, 0.8727042866321024, 0.8785411030808078, 0.8842025612570739, 0.8896972219712331, 0.8950331330890148, 0.9002178608818088, 0.9052585204515141, 0.9101618051576159, 0.9149340149608101, 0.9195810836214098, 0.9241086046853968, 0.9285218562040183, 0.9328258241423701, 0.9370252244445645, 0.9411245237292492, 0.9451279586037075, 0.9490395536064287, 0.9528631377808082, 0.9566023599174844, 0.9602607024915473, 0.9638414943486465, 0.9673479221905201, 0.9707830409237405, 0.9741497829392719, 0.9774509663924844, 0.9806893025603466, 0.9838674023484879, 0.9869877820226053, 0.9900528682421454, 0.993065002462575, 0.9960264447741103, 0.9989393772417237, 1.0018059068123173, 1.0046280678363309, 1.0074078242683295, 1.0101470715957706, 1.0128476385373881, 1.0155112885691635, 1.018139721303787, 1.0207345737692166, 1.0232974216042274, 1.0258297802010299, 1.0283331058136802, 1.030808796648602, 1.0332581939557974, 1.035682583133964, 1.0380831948616827, 1.0404612062587866, 1.0428177420765012, 1.0451538759141854, 1.04747063146101, 1.0497689837484396, 1.0520498604260649, 1.054314143060108, 1.0565626684543998, 1.0587962299965212, 1.0610155790178333, 1.0632214261652086, 1.0654144427700751, 1.0675952622208111, 1.0697644813401712, 1.071922661769743, 1.0740703313666276, 1.0762079856006426, 1.0783360889368923, 1.0804550761946319, 1.0825653538689168, 1.0846673014166066, 1.086761272513886, 1.0888475962951334, 1.0909265785749787, 1.0929985030666933, 1.0950636325946017, 1.0971222103095302, 1.0991744608858984, 1.1012205916664721, 1.1032607936792092, 1.1052952424515825, 1.1073240985721584, 1.1093475080281248, 1.1113656024714578, 1.1133784996301672, 1.1153863041162615, 1.1173891087626362, 1.11938699641786, 1.1213800418740811, 1.1233683134562018, 1.1253518738643786, 1.1273307802466848, 1.1293050840691508, 1.1312748319242456, 1.13324006853893, 1.1352008425564126, 1.1371572139438417, 1.1391092595638503, 1.1410570713719785, 1.143000741253682, 1.1449403289312798, 1.1468758151893395, 1.1488070509655868, 1.1507337212508182, 1.1526553475744092, 1.154571350507859, 1.156481181895466, 1.1583845161300024, 1.1602814649523063, 1.16217275813905, 1.1640598214709976, 1.1659446903583253, 1.1678297251417367, 1.169717139174746, 1.1716084041182346, 1.1735036452919059, 1.175401169528053, 1.1772972681117342, 1.1791864036930575, 1.1810618261411567, 1.1829165791406082, 1.1847447730055989, 1.1865429273647248, 1.1883111456579216, 1.190053882028067, 1.1917801033112008, 1.1935027296909417, 1.1952373455138474, 1.1970002899920398, 1.1988063470437544, 1.200666336046381, 1.2025849464305391, 1.2045591507706799, 1.2065774730049093, 1.2086202881953794, 1.210661201749636, 1.2126694172594905, 1.2146128720136673, 1.2164618148084116, 1.2181924349057391, 1.2197901312120432, 1.2212520386145462, 1.222588499727531, 1.2238232761795076, 1.2249924215543324, 1.2261418737042125, 1.2273239528164308, 1.2285930601971602, 1.230000951134308, 1.2315919969336142, 1.2333988539534064, 1.23543892259089, 1.2377119114211792, 1.2401987284588143, 1.242861811874085, 1.2456468965596228, 1.248486100584792, 1.2513021157900408, 1.2540132067635963, 1.256538667189937, 1.2588043549201717, 1.2607479273696782, 1.2623234256375844, 1.2635049055616698, 1.264288882140499, 1.2646954346197987, 1.2647679068963662, 1.2645712256453274, 1.264188941198314, 1.2637191688814886, 1.2632696675830908, 1.2629523350445218, 1.2628774242822187, 1.2631477923266685, 1.2638534819021336, 1.2650669105124805, 1.2668389020500328, 1.269195746416849, 1.2721374157975258, 1.2756370054783945, 1.2796414057744092, 1.2840731529657696, 1.2888333541103039, 1.2938055356362985, 1.298860230423389, 1.3038600936529836, 1.3086653241215964, 1.313139164458587, 1.3171532596526594, 1.3205926671433048, 1.3233603321995058, 1.3253808683963877, 1.3266035139627892, 1.3270041699542776, 1.32658646460048, 1.3253818281734293, 1.3234486021678151, 1.3208702429750907, 1.3177527113300365, 1.3142211631106475, 1.3104160740426367, 1.3064889410283558, 1.302597707274009, 1.2989020584387956, 1.2955587336205376, 1.2927169885382026, 1.2905143387836733, 1.2890726982786511, 1.2884950123345342, 1.288862466454929, 1.2902323322485871, 1.292636491464818, 1.2960806589003948, 1.3005443051450085, 1.3059812609339079, 1.3123209666248052, 1.3194703134958616, 1.3273160090215488, 1.3357273867562762, 1.3445595733940243, 1.3536569209474223, 1.362856610465843, 1.371992334737417, 1.380897970617103, 1.3894300056594773, 1.3974178224347555, 1.4047144160362373, 1.4111881394299437, 1.4167238168121268, 1.4212247088641956, 1.4246141861241801, 1.4268369079066348, 1.4278593734013736, 1.427669588647319, 1.4262755090096904, 1.4237023537553875, 1.4199902830796034, 1.4151949546710116, 1.409391428210078, 1.402678190501749, 1.395177913002015, 1.387034844809375, 1.3784107933050085, 1.3694810801362078, 1.360430588351204, 1.351449293853703, 1.342726581247209, 1.3344440782954416, 1.3267676624973146]
----------------------
1.31984037356666;
1.3137783377254308;
1.3086705998562125;
1.30458161052102;
1.3015546437523948;
1.2996170586290714;
1.2987903434769867;
1.2991034847312635;
1.300600262392095;
1.3033320467370153;
1.3073400330724219;
1.3126393095745124;
1.3192122177420205;
1.3270093267984924;
1.3359531655642074;
1.3459418344086145;
1.3568522166051205;
1.3685439002173936;
1.3808652042466232;
1.393662065012124;
1.4067889865050558;
1.4201191762407386;
1.433549712830896;
1.4469989603110318;
1.4603975718233293;
1.4736780822233257;
1.486767789927122;
1.4995861572717641;
1.5120450116601485;
1.5240112584727854;
1.5350756290188303;
1.5453249456322558;
1.5547583534932534;
1.5632499470329506;
1.570685630932931;
1.576967807016309;
1.581838910386226;
1.5855227507737428;
1.5878299863939875;
1.5887097948122029;
1.5881795281411666;
1.5862939148099553;
1.5831220051342454;
1.5787162564402064;
1.5730999481659238;
1.5662808512951545;
1.5582783575661485;
1.5491468040919798;
1.5389831849948894;
1.527917961519073;
Date and Time: 2024-09-23T21:01:34.510
Output: Independent boson: T = 1, alpha = 0.2, N_chain = 50, maxdim = 1000, cutoff = -8, tau = 0.008
[0.0, 0.014157363580780125, 0.02490016255159433, 0.03838006078167033, 0.054368059087879506, 0.07260471826618375, 0.09280991681612227, 0.11469251686011574, 0.13795940181389743, 0.16232347138263048, 0.18751031915694263, 0.21326345669265834, 0.23934807091907095, 0.26555339971733316, 0.2916938796319324, 0.3176092604567915, 0.34316389746874565, 0.3682454287041059, 0.39276302768596616, 0.4166453967790862, 0.4398386373897223, 0.4623041039390652, 0.48401632120737004, 0.5049610206187993, 0.5251333309903461, 0.5445361431930862, 0.5631786559102681, 0.5810751006970205, 0.5982436383426826, 0.6147054145732855, 0.630483760881051, 0.6456035252819752, 0.6600905177782168, 0.6739710558275158, 0.6872715961092374, 0.7000184400189791, 0.7122375016224036, 0.7239541280599782, 0.7351929636644328, 0.7459778501882786, 0.7563317566332273, 0.7662767331259979, 0.7758338841472812, 0.7850233571812582, 0.7938643435204229, 0.8023750885219338, 0.8105729091261921, 0.8184742168381847, 0.8260945447604181, 0.8334485775345901, 0.840550183307523, 0.8474124470315592, 0.8540477045611506, 0.8604675771420217, 0.8666830059773438, 0.8727042866321024, 0.8785411030808078, 0.8842025612570739, 0.8896972219712331, 0.8950331330890148, 0.9002178608818088, 0.9052585204515141, 0.9101618051576159, 0.9149340149608101, 0.9195810836214098, 0.9241086046853968, 0.9285218562040183, 0.9328258241423701, 0.9370252244445645, 0.9411245237292492, 0.9451279586037075, 0.9490395536064287, 0.9528631377808082, 0.9566023599174844, 0.9602607024915473, 0.9638414943486465, 0.9673479221905201, 0.9707830409237405, 0.9741497829392719, 0.9774509663924844, 0.9806893025603466, 0.9838674023484879, 0.9869877820226053, 0.9900528682421454, 0.993065002462575, 0.9960264447741103, 0.9989393772417237, 1.0018059068123173, 1.0046280678363309, 1.0074078242683295, 1.0101470715957706, 1.0128476385373881, 1.0155112885691635, 1.018139721303787, 1.0207345737692166, 1.0232974216042274, 1.0258297802010299, 1.0283331058136802, 1.030808796648602, 1.0332581939557974, 1.035682583133964, 1.0380831948616827, 1.0404612062587866, 1.0428177420765012, 1.0451538759141854, 1.04747063146101, 1.0497689837484396, 1.0520498604260649, 1.054314143060108, 1.0565626684543998, 1.0587962299965212, 1.0610155790178333, 1.0632214261652086, 1.0654144427700751, 1.0675952622208111, 1.0697644813401712, 1.071922661769743, 1.0740703313666276, 1.0762079856006426, 1.0783360889368923, 1.0804550761946319, 1.0825653538689168, 1.0846673014166066, 1.086761272513886, 1.0888475962951334, 1.0909265785749787, 1.0929985030666933, 1.0950636325946017, 1.0971222103095302, 1.0991744608858984, 1.1012205916664721, 1.1032607936792092, 1.1052952424515825, 1.1073240985721584, 1.1093475080281248, 1.1113656024714578, 1.1133784996301672, 1.1153863041162615, 1.1173891087626362, 1.11938699641786, 1.1213800418740811, 1.1233683134562018, 1.1253518738643786, 1.1273307802466848, 1.1293050840691508, 1.1312748319242456, 1.13324006853893, 1.1352008425564126, 1.1371572139438417, 1.1391092595638503, 1.1410570713719785, 1.143000741253682, 1.1449403289312798, 1.1468758151893395, 1.1488070509655868, 1.1507337212508182, 1.1526553475744092, 1.154571350507859, 1.156481181895466, 1.1583845161300024, 1.1602814649523063, 1.16217275813905, 1.1640598214709976, 1.1659446903583253, 1.1678297251417367, 1.169717139174746, 1.1716084041182346, 1.1735036452919059, 1.175401169528053, 1.1772972681117342, 1.1791864036930575, 1.1810618261411567, 1.1829165791406082, 1.1847447730055989, 1.1865429273647248, 1.1883111456579216, 1.190053882028067, 1.1917801033112008, 1.1935027296909417, 1.1952373455138474, 1.1970002899920398, 1.1988063470437544, 1.200666336046381, 1.2025849464305391, 1.2045591507706799, 1.2065774730049093, 1.2086202881953794, 1.210661201749636, 1.2126694172594905, 1.2146128720136673, 1.2164618148084116, 1.2181924349057391, 1.2197901312120432, 1.2212520386145462, 1.222588499727531, 1.2238232761795076, 1.2249924215543324, 1.2261418737042125, 1.2273239528164308, 1.2285930601971602, 1.230000951134308, 1.2315919969336142, 1.2333988539534064, 1.23543892259089, 1.2377119114211792, 1.2401987284588143, 1.242861811874085, 1.2456468965596228, 1.248486100584792, 1.2513021157900408, 1.2540132067635963, 1.256538667189937, 1.2588043549201717, 1.2607479273696782, 1.2623234256375844, 1.2635049055616698, 1.264288882140499, 1.2646954346197987, 1.2647679068963662, 1.2645712256453274, 1.264188941198314, 1.2637191688814886, 1.2632696675830908, 1.2629523350445218, 1.2628774242822187, 1.2631477923266685, 1.2638534819021336, 1.2650669105124805, 1.2668389020500328, 1.269195746416849, 1.2721374157975258, 1.2756370054783945, 1.2796414057744092, 1.2840731529657696, 1.2888333541103039, 1.2938055356362985, 1.298860230423389, 1.3038600936529836, 1.3086653241215964, 1.313139164458587, 1.3171532596526594, 1.3205926671433048, 1.3233603321995058, 1.3253808683963877, 1.3266035139627892, 1.3270041699542776, 1.32658646460048, 1.3253818281734293, 1.3234486021678151, 1.3208702429750907, 1.3177527113300365, 1.3142211631106475, 1.3104160740426367, 1.3064889410283558, 1.302597707274009, 1.2989020584387956, 1.2955587336205376, 1.2927169885382026, 1.2905143387836733, 1.2890726982786511, 1.2884950123345342, 1.288862466454929, 1.2902323322485871, 1.292636491464818, 1.2960806589003948, 1.3005443051450085, 1.3059812609339079, 1.3123209666248052, 1.3194703134958616, 1.3273160090215488, 1.3357273867562762, 1.3445595733940243, 1.3536569209474223, 1.362856610465843, 1.371992334737417, 1.380897970617103, 1.3894300056594773, 1.3974178224347555, 1.4047144160362373, 1.4111881394299437, 1.4167238168121268, 1.4212247088641956, 1.4246141861241801, 1.4268369079066348, 1.4278593734013736, 1.427669588647319, 1.4262755090096904, 1.4237023537553875, 1.4199902830796034, 1.4151949546710116, 1.409391428210078, 1.402678190501749, 1.395177913002015, 1.387034844809375, 1.3784107933050085, 1.3694810801362078, 1.360430588351204, 1.351449293853703, 1.342726581247209, 1.3344440782954416, 1.3267676624973146, 1.31984037356666, 1.3137783377254308, 1.3086705998562125, 1.30458161052102, 1.3015546437523948, 1.2996170586290714, 1.2987903434769867, 1.2991034847312635, 1.300600262392095, 1.3033320467370153, 1.3073400330724219, 1.3126393095745124, 1.3192122177420205, 1.3270093267984924, 1.3359531655642074, 1.3459418344086145, 1.3568522166051205, 1.3685439002173936, 1.3808652042466232, 1.393662065012124, 1.4067889865050558, 1.4201191762407386, 1.433549712830896, 1.4469989603110318, 1.4603975718233293, 1.4736780822233257, 1.486767789927122, 1.4995861572717641, 1.5120450116601485, 1.5240112584727854, 1.5350756290188303, 1.5453249456322558, 1.5547583534932534, 1.5632499470329506, 1.570685630932931, 1.576967807016309, 1.581838910386226, 1.5855227507737428, 1.5878299863939875, 1.5887097948122029, 1.5881795281411666, 1.5862939148099553, 1.5831220051342454, 1.5787162564402064, 1.5730999481659238, 1.5662808512951545, 1.5582783575661485, 1.5491468040919798, 1.5389831849948894, 1.527917961519073]
----------------------
----------------------
:::::::::::::::::::::::::::::::::::::::::::::::::::::::::::::::::::::::::::::::
                                     Date and Time: 2024-09-23T21:02:40.209
:::::::::::::::::::::::::::::::::::::::::::::::::::::::::::::::::::::::::::::::
Independent boson: T = 1, alpha = 0.2, N_chain = 80, maxdim = 1000, cutoff = -8, tau = 0.008;
0.001592664355021256;
0.006340994133705036;
0.014157363580585836;
0.0249001625512002;
0.03838006078144621;
0.054368059087861464;
0.07260471826617543;
0.09280991681555606;
0.11469251685953252;
0.1379594018131619;
0.16232347138224745;
0.1875103191566696;
0.2132634566920033;
0.23934807091877952;
0.26555339971729497;
0.2916938796317603;
0.31760926045676374;
0.34316389746907316;
0.36824542870455834;
0.39276302768667115;
0.41664539677945256;
0.43983863738987633;
0.46230410393980903;
0.4840163212073423;
0.5049610206190991;
0.5251333309903128;
0.5445361431928253;
0.563178655910157;
0.5810751006969761;
0.5982436383422413;
0.6147054145732689;
0.6304837608807345;
0.6456035252817127;
0.6600905177777672;
0.673971055827019;
0.6872715961083908;
0.7000184400187459;
0.7122375016218409;
0.7239541280598671;
0.7351929636645271;
0.7459778501883452;
0.756331756633255;
0.7662767331264475;
0.7758338841475754;
0.7850233571821297;
0.7938643435206616;
0.8023750885222836;
0.8105729091262004;
0.8184742168383663;
0.8260945447602308;
Date and Time: 2024-09-23T21:03:09.963
Output: Independent boson: T = 1, alpha = 0.2, N_chain = 80, maxdim = 1000, cutoff = -8, tau = 0.008
[0.0, 0.001592664355021256, 0.006340994133705036, 0.014157363580585836, 0.0249001625512002, 0.03838006078144621, 0.054368059087861464, 0.07260471826617543, 0.09280991681555606, 0.11469251685953252, 0.1379594018131619, 0.16232347138224745, 0.1875103191566696, 0.2132634566920033, 0.23934807091877952, 0.26555339971729497, 0.2916938796317603, 0.31760926045676374, 0.34316389746907316, 0.36824542870455834, 0.39276302768667115, 0.41664539677945256, 0.43983863738987633, 0.46230410393980903, 0.4840163212073423, 0.5049610206190991, 0.5251333309903128, 0.5445361431928253, 0.563178655910157, 0.5810751006969761, 0.5982436383422413, 0.6147054145732689, 0.6304837608807345, 0.6456035252817127, 0.6600905177777672, 0.673971055827019, 0.6872715961083908, 0.7000184400187459, 0.7122375016218409, 0.7239541280598671, 0.7351929636645271, 0.7459778501883452, 0.756331756633255, 0.7662767331264475, 0.7758338841475754, 0.7850233571821297, 0.7938643435206616, 0.8023750885222836, 0.8105729091262004, 0.8184742168383663, 0.8260945447602308]
----------------------
0.8334485775343903;
0.8405501833076284;
0.8474124470314037;
0.8540477045609673;
0.8604675771415882;
0.8666830059771258;
0.8727042866316009;
0.8785411030804935;
0.8842025612568583;
0.8896972219708033;
0.8950331330886019;
0.9002178608811917;
0.9052585204508912;
0.9101618051569893;
0.9149340149602891;
0.9195810836213514;
0.9241086046858971;
0.9285218562052333;
0.9328258241456944;
0.9370252244526089;
0.9411245237455235;
0.9451279586380368;
0.9490395536728868;
0.9528631379072505;
0.9566023601499052;
0.9602607029073396;
0.9638414950725427;
0.9673479234192817;
0.9707830429566522;
0.974149786219225;
0.9774509715593953;
0.9806893105088366;
0.9838674143000603;
0.986987799601946;
0.9900528935575692;
0.9930650381902328;
0.9960264942411895;
0.9989394445098443;
1.0018059967610293;
1.0046281862466533;
1.0074079779106917;
1.010147268315198;
1.0128478873428992;
1.015511599713148;
1.0181401063565798;
1.0207350456781286;
1.0232979947392586;
1.025830470388839;
1.0283339303611592;
1.0308097743633027;
Date and Time: 2024-09-23T21:04:00.753
Output: Independent boson: T = 1, alpha = 0.2, N_chain = 80, maxdim = 1000, cutoff = -8, tau = 0.008
[0.0, 0.001592664355021256, 0.006340994133705036, 0.014157363580585836, 0.0249001625512002, 0.03838006078144621, 0.054368059087861464, 0.07260471826617543, 0.09280991681555606, 0.11469251685953252, 0.1379594018131619, 0.16232347138224745, 0.1875103191566696, 0.2132634566920033, 0.23934807091877952, 0.26555339971729497, 0.2916938796317603, 0.31760926045676374, 0.34316389746907316, 0.36824542870455834, 0.39276302768667115, 0.41664539677945256, 0.43983863738987633, 0.46230410393980903, 0.4840163212073423, 0.5049610206190991, 0.5251333309903128, 0.5445361431928253, 0.563178655910157, 0.5810751006969761, 0.5982436383422413, 0.6147054145732689, 0.6304837608807345, 0.6456035252817127, 0.6600905177777672, 0.673971055827019, 0.6872715961083908, 0.7000184400187459, 0.7122375016218409, 0.7239541280598671, 0.7351929636645271, 0.7459778501883452, 0.756331756633255, 0.7662767331264475, 0.7758338841475754, 0.7850233571821297, 0.7938643435206616, 0.8023750885222836, 0.8105729091262004, 0.8184742168383663, 0.8260945447602308, 0.8334485775343903, 0.8405501833076284, 0.8474124470314037, 0.8540477045609673, 0.8604675771415882, 0.8666830059771258, 0.8727042866316009, 0.8785411030804935, 0.8842025612568583, 0.8896972219708033, 0.8950331330886019, 0.9002178608811917, 0.9052585204508912, 0.9101618051569893, 0.9149340149602891, 0.9195810836213514, 0.9241086046858971, 0.9285218562052333, 0.9328258241456944, 0.9370252244526089, 0.9411245237455235, 0.9451279586380368, 0.9490395536728868, 0.9528631379072505, 0.9566023601499052, 0.9602607029073396, 0.9638414950725427, 0.9673479234192817, 0.9707830429566522, 0.974149786219225, 0.9774509715593953, 0.9806893105088366, 0.9838674143000603, 0.986987799601946, 0.9900528935575692, 0.9930650381902328, 0.9960264942411895, 0.9989394445098443, 1.0018059967610293, 1.0046281862466533, 1.0074079779106917, 1.010147268315198, 1.0128478873428992, 1.015511599713148, 1.0181401063565798, 1.0207350456781286, 1.0232979947392586, 1.025830470388839, 1.0283339303611592, 1.0308097743633027]
----------------------
1.0332593451629069;
1.0356839296881273;
1.038084760150432;
1.040463015188536;
1.0428198210417285;
1.045156252752244;
1.0474733353935337;
1.049772045322155;
1.0520533114566153;
1.0543180165726813;
1.0565669986228363;
1.058801052065672;
1.061020929213376;
1.0632273415906683;
1.0654209613045325;
1.0676024224225258;
1.0697723223543845;
1.0719312232425855;
1.0740796533469839;
1.0762181084282676;
1.078347053120596;
1.0804669222931975;
1.0825781223906898;
1.084681032750064;
1.0867760068875572;
1.0888633737580193;
1.0909434389695212;
1.0930164859696008;
1.0950827771856264;
1.0971425551292708;
1.099196043462949;
1.1012434480286646;
1.1032849578429802;
1.1053207460606993;
1.1073509709038343;
1.1093757765649583;
1.1113952940777132;
1.113409642158074;
1.1154189280154496;
1.117423248131839;
1.1194226890065357;
1.1214173278685253;
1.1234072333509677;
1.1253924661325236;
1.1273730795393377;
1.1293491201082722;
1.1313206281166346;
1.1332876380696668;
1.1352501791544811;
1.1372082756588955;
Date and Time: 2024-09-23T21:04:40.354
Output: Independent boson: T = 1, alpha = 0.2, N_chain = 80, maxdim = 1000, cutoff = -8, tau = 0.008
[0.0, 0.001592664355021256, 0.006340994133705036, 0.014157363580585836, 0.0249001625512002, 0.03838006078144621, 0.054368059087861464, 0.07260471826617543, 0.09280991681555606, 0.11469251685953252, 0.1379594018131619, 0.16232347138224745, 0.1875103191566696, 0.2132634566920033, 0.23934807091877952, 0.26555339971729497, 0.2916938796317603, 0.31760926045676374, 0.34316389746907316, 0.36824542870455834, 0.39276302768667115, 0.41664539677945256, 0.43983863738987633, 0.46230410393980903, 0.4840163212073423, 0.5049610206190991, 0.5251333309903128, 0.5445361431928253, 0.563178655910157, 0.5810751006969761, 0.5982436383422413, 0.6147054145732689, 0.6304837608807345, 0.6456035252817127, 0.6600905177777672, 0.673971055827019, 0.6872715961083908, 0.7000184400187459, 0.7122375016218409, 0.7239541280598671, 0.7351929636645271, 0.7459778501883452, 0.756331756633255, 0.7662767331264475, 0.7758338841475754, 0.7850233571821297, 0.7938643435206616, 0.8023750885222836, 0.8105729091262004, 0.8184742168383663, 0.8260945447602308, 0.8334485775343903, 0.8405501833076284, 0.8474124470314037, 0.8540477045609673, 0.8604675771415882, 0.8666830059771258, 0.8727042866316009, 0.8785411030804935, 0.8842025612568583, 0.8896972219708033, 0.8950331330886019, 0.9002178608811917, 0.9052585204508912, 0.9101618051569893, 0.9149340149602891, 0.9195810836213514, 0.9241086046858971, 0.9285218562052333, 0.9328258241456944, 0.9370252244526089, 0.9411245237455235, 0.9451279586380368, 0.9490395536728868, 0.9528631379072505, 0.9566023601499052, 0.9602607029073396, 0.9638414950725427, 0.9673479234192817, 0.9707830429566522, 0.974149786219225, 0.9774509715593953, 0.9806893105088366, 0.9838674143000603, 0.986987799601946, 0.9900528935575692, 0.9930650381902328, 0.9960264942411895, 0.9989394445098443, 1.0018059967610293, 1.0046281862466533, 1.0074079779106917, 1.010147268315198, 1.0128478873428992, 1.015511599713148, 1.0181401063565798, 1.0207350456781286, 1.0232979947392586, 1.025830470388839, 1.0283339303611592, 1.0308097743633027, 1.0332593451629069, 1.0356839296881273, 1.038084760150432, 1.040463015188536, 1.0428198210417285, 1.045156252752244, 1.0474733353935337, 1.049772045322155, 1.0520533114566153, 1.0543180165726813, 1.0565669986228363, 1.058801052065672, 1.061020929213376, 1.0632273415906683, 1.0654209613045325, 1.0676024224225258, 1.0697723223543845, 1.0719312232425855, 1.0740796533469839, 1.0762181084282676, 1.078347053120596, 1.0804669222931975, 1.0825781223906898, 1.084681032750064, 1.0867760068875572, 1.0888633737580193, 1.0909434389695212, 1.0930164859696008, 1.0950827771856264, 1.0971425551292708, 1.099196043462949, 1.1012434480286646, 1.1032849578429802, 1.1053207460606993, 1.1073509709038343, 1.1093757765649583, 1.1113952940777132, 1.113409642158074, 1.1154189280154496, 1.117423248131839, 1.1194226890065357, 1.1214173278685253, 1.1234072333509677, 1.1253924661325236, 1.1273730795393377, 1.1293491201082722, 1.1313206281166346, 1.1332876380696668, 1.1352501791544811, 1.1372082756588955]
----------------------
----------------------
:::::::::::::::::::::::::::::::::::::::::::::::::::::::::::::::::::::::::::::::
                                     Date and Time: 2024-09-23T21:10:06.676
:::::::::::::::::::::::::::::::::::::::::::::::::::::::::::::::::::::::::::::::
Independent boson: T = 1, alpha = 0.2, N_chain = 120, maxdim = 1000, cutoff = -8, tau = 0.002;
9.998114213760623e-5;
0.00039980689395818363;
0.0008991245742857501;
0.001597347538795522;
0.0024936569093916114;
0.003587003977534596;
0.0048761132801282015;
0.006359486316955106;
0.008035405898677015;
0.009901941104440513;
0.011956952809789208;
0.014198099770341404;
0.01662284522274217;
0.019228463967625332;
0.022012049903450924;
0.024970523964846836;
0.028100642439658628;
0.03139900560962522;
0.03486206668592149;
0.03848614098794375;
0.04226741532931839;
0.04620195756945451;
0.05028572628575555;
0.05451458052284291;
0.05888428958931937;
0.06339054285324464;
0.06802895950040731;
0.07279509821865045;
0.077684466780695;
0.0826925314829118;
0.08781472641225319;
0.09304646251641434;
0.0983831364462878;
0.10382013914893426;
0.10935286418598962;
0.11497671575978093;
0.12068711643294842;
0.12647951451681747;
0.13234939112683985;
0.13829226688837323;
0.1443037082820175;
0.1503793336293248;
0.1565148187074875;
0.1627059019964466;
0.16894838955187136;
0.17523815951040003;
0.18157116622777136;
0.1879434440521146;
0.19435111074021114;
0.20079037052581797;
0.2072575168416578;
0.21374893471142528;
0.2202611028134815;
0.22679059523833764;
0.23333408293675603;
0.2398883348839168;
0.2464502189638145;
0.25301670259040565;
0.2595848530742934;
0.26615183775481904;
0.2727149239044243;
0.2792714784234217;
0.28581896733330836;
0.2923549550870683;
0.29887710370958315;
0.3053831717701992;
0.31187101322013616;
0.3183385760851605;
0.3247839010417589;
0.33120511987759255;
0.3376004538573704;
0.34396821199374783;
0.3503067892431358;
0.35661466463000346;
0.36289039931299016;
0.3691326346005192;
0.3753400899208726;
0.38151156076178533;
0.3876459165818941;
0.3937420987012552;
0.39979911818182334;
0.4058160536953737;
0.41179204939835046;
0.41772631280373734;
0.4236181126672595;
0.4294667768838927;
0.4352716904033745;
0.44103229316929965;
0.44674807808068623;
0.45241858898181525;
0.45804341868718484;
0.46362220703386225;
0.4691546389758581;
0.4746404427095484;
0.48007938784638593;
0.4908159771283482;
0.49611335165008813;
0.5013633249595062;
0.506565847718695;
0.5117209019053527;
0.5168284992795403;
0.521888679906852;
0.5269015107149092;
0.5318670841057785;
0.5367855166043625;
0.5416569475557892;
0.5464815378678071;
0.5512594687928709;
0.5559909407567828;
0.5606761722262807;
0.5653153986230218;
0.5699088712709621;
0.5744568563932674;
0.5789596341400352;
0.5834174976575213;
0.5878307521974706;
0.5921997142575401;
0.5965247107631265;
0.6008060782768992;
0.6050441622501952;
0.6092393162993532;
0.6133919015189945;
0.6175022858247049;
0.621570843323818;
0.6255979537178378;
0.629584001729405;
0.633529376559666;
0.6374344713724612;
0.6412996827969157;
0.6451254104599697;
0.6489120565454536;
0.6526600253664089;
0.6563697229665385;
0.6600415567407767;
0.6636759350731612;
0.6672732669981736;
0.670833961877916;
0.6743584290981055;
0.6778470777808868;
0.6813003165136238;
0.6847185530936567;
0.6881021942890381;
0.6914516456134295;
0.6947673111109016;
0.6980495931613224;
0.7012988922925224;
0.7045156070054199;
0.7077001336130196;
0.7108528660887345;
0.7139741959237296;
0.7170645119975689;
0.7201242004566027;
0.7231536446007564;
0.7261532247806807;
0.7291233183013379;
0.7320642993354903;
0.7349765388421375;
0.7378604044949905;
0.7407162606145062;
0.7435444681107506;
0.7463453844243922;
0.7491193634845034;
0.7518667556621385;
0.7545879077346069;
0.7572831628521589;
0.7599528605089132;
0.762597336521014;
0.7652169230093341;
0.7678119483788403;
0.7703827373096072;
0.7729296107500304;
0.7754528859099629;
0.7779528762577336;
0.7804298915241391;
0.7828842377041755;
0.7853162170644223;
0.7877261281502642;
0.7901142657987011;
0.7924809211501366;
0.7948263816647665;
0.797150931139397;
0.7994548497240628;
0.8017384139445651;
0.8040018967246362;
0.8062455674063064;
0.8084696917778812;
0.810674532096285;
0.8128603471170072;
0.8150273921185901;
0.8171759189345661;
0.8193061759804509;
0.8214184082851196;
0.8235128575222307;
0.8255897620404696;
0.8276493568982619;
0.8296918738930693;
0.8317175415967283;
0.8337265853909327;
0.835719227496602;
0.8376956870120701;
0.839656179945021;
0.8416009192489206;
0.8435301148575282;
0.8454439737195741;
0.8473426998335821;
0.8492264942839735;
0.8510955552760405;
0.852950078172311;
0.8547902555230203;
0.8566162771092246;
0.8584283299710681;
0.8602265984455858;
0.8620112642015686;
0.8637825062748304;
0.8655405011022642;
0.8672854225558034;
0.869017441976384;
0.8707367282108883;
0.8724434476418531;
0.874137764226214;
0.8758198395224058;
0.8774898327289327;
0.8791479007141353;
0.8807941980516869;
0.8824288770498256;
0.8840520877851724;
0.8856639781335801;
0.8872646938035387;
0.8888543783649336;
0.8904331732802301;
0.8920012179384469;
0.8935586496793421;
0.8951056038294979;
0.8966422137277682;
0.8981686107562052;
0.8996849243683597;
0.901191282118227;
0.9026878096893842;
0.9041746309202682;
0.9056518678346396;
0.9071196406680226;
0.9085780678932904;
0.910027266249742;
0.9114673507655334;
0.9128984347880299;
0.9143206300070885;
0.9157340464792512;
0.9171387926555991;
0.9185349754034058;
0.9199227000317689;
0.9213020703159849;
0.922673188519865;
0.9240361554207516;
0.9253910703303423;
0.9267380311188933;
0.9280771342364914;
0.929408474735811;
0.9307321462946812;
0.9320482412342997;
0.933356850543242;
0.9346580638983848;
0.9359519696834786;
0.9372386550090532;
0.9385182057347835;
0.9397907064864427;
0.9410562406770709;
0.9423148905252811;
0.9435667370730403;
0.9448118602064798;
0.9460503386699579;
0.9472822500880228;
0.9485076709813425;
0.9497266767837766;
0.9509393418592353;
0.9521457395202018;
0.953345942040626;
0.9545400206764174;
0.9557280456786647;
0.9569100863106512;
0.9580862108626896;
0.9592564866679023;
0.9604209801163492;
0.9615797566706124;
0.9627328808800182;
0.9638804163958512;
0.9650224259835027;
0.9661589715391273;
0.9672901140977631;
0.9684159138562468;
0.9695364301766211;
0.9706517216042851;
0.9717618458797544;
0.9728668599511497;
0.9739668199859502;
0.9750617813848986;
0.9761517987924531;
0.9772369261071008;
0.9783172164974383;
0.9793927224090568;
0.9804634955774908;
0.9815295870400491;
0.9825910471441863;
0.9836479255618049;
0.9847002712953788;
0.9857481326923451;
0.9867915574516791;
0.9878305926359422;
0.9888652846825633;
0.989895679408706;
0.9909218220239744;
0.9919437571410706;
0.9929615287813536;
0.9939751803861403;
0.9949847548251721;
0.995990294403597;
0.9969918408745886;
0.9979894354431862;
0.9989831187760784;
0.9999729310126548;
1.0009589117680686;
1.0019411001445657;
1.0029195347372681;
1.0038942536437672;
1.0048652944690823;
1.0058326943373448;
1.006796489892143;
1.0077567173091118;
1.0087134123016384;
1.0096666101267004;
1.010616345593819;
1.0115626530674509;
1.0125055664781575;
1.0134451193262415;
1.0143813446895713;
1.015314275228357;
1.0162439431913612;
1.0171703804237908;
1.0180936183712666;
1.0190136880851448;
1.0199306202301988;
1.0208444450898904;
1.0217551925700612;
1.0226628922059218;
1.023567573166334;
1.024469264261835;
1.0253679939455533;
1.0262637903207312;
1.0271566811461141;
1.0280466938390824;
1.028933855482002;
1.029818192827155;
1.0306997322992526;
1.031578500003288;
1.0324545217256147;
1.0333278229396756;
1.0341984288130637;
1.0350663642072582;
1.0359316536841952;
1.0367943215114959;
1.0376543916650762;
1.0385118878330764;
1.039366833419164;
1.0402192515498068;
1.0410691650736636;
1.041916596567797;
1.04276156834326;
1.0436041024435199;
1.0444442206528644;
1.045281944497469;
1.046117295250756;
1.046950293933993;
1.047780961322481;
1.0486093179485378;
1.0494353841019357;
1.0502591798364251;
1.051080724971419;
1.0519000390961195;
1.0527171415708514;
1.053532051531159;
1.0543447878908592;
1.0551553693458;
1.0559638143748828;
1.0567701412429522;
1.0575743680073029;
1.0583765125138431;
1.0591765924080465;
1.0599746251287028;
1.0607706279183133;
1.061564617820978;
1.0623566116874954;
1.0631466261750213;
1.0639346777538783;
1.0647207827044043;
1.065504957125385;
1.0662872169318118;
1.0670675778599303;
1.0678460554671523;
1.0686226651373583;
1.0693974220814857;
1.0701703413374064;
1.0709414377774675;
1.0717107261055296;
1.0724782208625723;
1.0732439364270216;
1.0740078870162608;
1.0747700866911196;
1.075530549356231;
1.0762892887607973;
1.0770463185027466;
1.0778016520308709;
1.0785553026430998;
1.0793072834931;
1.080057607589122;
1.0808062877968128;
1.0815533368401389;
1.0822987673051492;
1.0830425916393118;
1.083784822154595;
1.0845254710291787;
1.085264550307757;
1.0867380476074608;
1.0874724890712344;
1.0882054078298793;
1.0889368152902157;
1.0896667227365777;
1.0903951413331852;
1.0911220821228076;
1.0918475560299867;
1.092571573862763;
1.0932941463143857;
1.0940152839626822;
1.0947349972729925;
1.0954532966002553;
1.096170192189109;
1.0968856941753908;
1.0975998125871065;
1.0983125573485562;
1.099023938275927;
1.099733965084381;
1.1004426473862177;
1.1011499946932397;
1.1018560164171238;
1.1025607218703795;
1.1032641202701114;
1.10396622073608;
1.1046670322930165;
1.1053665638721124;
1.1060648243122935;
1.106761822360958;
1.107457566672954;
1.1081520658169537;
1.10884532827195;
1.1095373624296476;
1.1102281765959685;
1.1109177789903568;
1.1116061777498676;
1.1122933809282265;
1.1129793964950796;
1.1136642323422885;
1.1143478962791789;
1.1150303960360999;
1.1157117392653308;
1.1163919335426224;
1.1170709863670567;
1.1177489051612564;
1.1184256972740965;
1.1191013699795695;
1.1197759304819161;
1.1204493859096887;
1.1211217433227243;
1.1217930097090338;
1.1224631919898433;
1.123132297013836;
1.1238003315662393;
1.1244673023612273;
1.1251332160499738;
1.1257980792172393;
1.1264618983819026;
1.1271246799998196;
1.127786430464441;
1.1284471561058664;
1.1291068631933077;
1.1297655579328378;
1.1304232464751343;
1.1310799349059815;
1.1317356292552865;
1.132390335494037;
1.1330440595367297;
1.1336968072399494;
1.1343485844045529;
1.1349993967761136;
1.1356492500448383;
1.13629814984814;
1.1369461017682279;
1.137593111336436;
1.138239184029225;
1.1388843252733905;
1.139528540443856;
Date and Time: 2024-09-23T21:19:00.867
Output: Independent boson: T = 1, alpha = 0.2, N_chain = 120, maxdim = 1000, cutoff = -8, tau = 0.002
[0.0, 9.998114213760623e-5, 0.00039980689395818363, 0.0008991245742857501, 0.001597347538795522, 0.0024936569093916114, 0.003587003977534596, 0.0048761132801282015, 0.006359486316955106, 0.008035405898677015, 0.009901941104440513, 0.011956952809789208, 0.014198099770341404, 0.01662284522274217, 0.019228463967625332, 0.022012049903450924, 0.024970523964846836, 0.028100642439658628, 0.03139900560962522, 0.03486206668592149, 0.03848614098794375, 0.04226741532931839, 0.04620195756945451, 0.05028572628575555, 0.05451458052284291, 0.05888428958931937, 0.06339054285324464, 0.06802895950040731, 0.07279509821865045, 0.077684466780695, 0.0826925314829118, 0.08781472641225319, 0.09304646251641434, 0.0983831364462878, 0.10382013914893426, 0.10935286418598962, 0.11497671575978093, 0.12068711643294842, 0.12647951451681747, 0.13234939112683985, 0.13829226688837323, 0.1443037082820175, 0.1503793336293248, 0.1565148187074875, 0.1627059019964466, 0.16894838955187136, 0.17523815951040003, 0.18157116622777136, 0.1879434440521146, 0.19435111074021114, 0.20079037052581797, 0.2072575168416578, 0.21374893471142528, 0.2202611028134815, 0.22679059523833764, 0.23333408293675603, 0.2398883348839168, 0.2464502189638145, 0.25301670259040565, 0.2595848530742934, 0.26615183775481904, 0.2727149239044243, 0.2792714784234217, 0.28581896733330836, 0.2923549550870683, 0.29887710370958315, 0.3053831717701992, 0.31187101322013616, 0.3183385760851605, 0.3247839010417589, 0.33120511987759255, 0.3376004538573704, 0.34396821199374783, 0.3503067892431358, 0.35661466463000346, 0.36289039931299016, 0.3691326346005192, 0.3753400899208726, 0.38151156076178533, 0.3876459165818941, 0.3937420987012552, 0.39979911818182334, 0.4058160536953737, 0.41179204939835046, 0.41772631280373734, 0.4236181126672595, 0.4294667768838927, 0.4352716904033745, 0.44103229316929965, 0.44674807808068623, 0.45241858898181525, 0.45804341868718484, 0.46362220703386225, 0.4691546389758581, 0.4746404427095484, 0.48007938784638593, 0.48547128361723135, 0.4908159771283482, 0.49611335165008813, 0.5013633249595062, 0.506565847718695, 0.5117209019053527, 0.5168284992795403, 0.521888679906852, 0.5269015107149092, 0.5318670841057785, 0.5367855166043625, 0.5416569475557892, 0.5464815378678071, 0.5512594687928709, 0.5559909407567828, 0.5606761722262807, 0.5653153986230218, 0.5699088712709621, 0.5744568563932674, 0.5789596341400352, 0.5834174976575213, 0.5878307521974706, 0.5921997142575401, 0.5965247107631265, 0.6008060782768992, 0.6050441622501952, 0.6092393162993532, 0.6133919015189945, 0.6175022858247049, 0.621570843323818, 0.6255979537178378, 0.629584001729405, 0.633529376559666, 0.6374344713724612, 0.6412996827969157, 0.6451254104599697, 0.6489120565454536, 0.6526600253664089, 0.6563697229665385, 0.6600415567407767, 0.6636759350731612, 0.6672732669981736, 0.670833961877916, 0.6743584290981055, 0.6778470777808868, 0.6813003165136238, 0.6847185530936567, 0.6881021942890381, 0.6914516456134295, 0.6947673111109016, 0.6980495931613224, 0.7012988922925224, 0.7045156070054199, 0.7077001336130196, 0.7108528660887345, 0.7139741959237296, 0.7170645119975689, 0.7201242004566027, 0.7231536446007564, 0.7261532247806807, 0.7291233183013379, 0.7320642993354903, 0.7349765388421375, 0.7378604044949905, 0.7407162606145062, 0.7435444681107506, 0.7463453844243922, 0.7491193634845034, 0.7518667556621385, 0.7545879077346069, 0.7572831628521589, 0.7599528605089132, 0.762597336521014, 0.7652169230093341, 0.7678119483788403, 0.7703827373096072, 0.7729296107500304, 0.7754528859099629, 0.7779528762577336, 0.7804298915241391, 0.7828842377041755, 0.7853162170644223, 0.7877261281502642, 0.7901142657987011, 0.7924809211501366, 0.7948263816647665, 0.797150931139397, 0.7994548497240628, 0.8017384139445651, 0.8040018967246362, 0.8062455674063064, 0.8084696917778812, 0.810674532096285, 0.8128603471170072, 0.8150273921185901, 0.8171759189345661, 0.8193061759804509, 0.8214184082851196, 0.8235128575222307, 0.8255897620404696, 0.8276493568982619, 0.8296918738930693, 0.8317175415967283, 0.8337265853909327, 0.835719227496602, 0.8376956870120701, 0.839656179945021, 0.8416009192489206, 0.8435301148575282, 0.8454439737195741, 0.8473426998335821, 0.8492264942839735, 0.8510955552760405, 0.852950078172311, 0.8547902555230203, 0.8566162771092246, 0.8584283299710681, 0.8602265984455858, 0.8620112642015686, 0.8637825062748304, 0.8655405011022642, 0.8672854225558034, 0.869017441976384, 0.8707367282108883, 0.8724434476418531, 0.874137764226214, 0.8758198395224058, 0.8774898327289327, 0.8791479007141353, 0.8807941980516869, 0.8824288770498256, 0.8840520877851724, 0.8856639781335801, 0.8872646938035387, 0.8888543783649336, 0.8904331732802301, 0.8920012179384469, 0.8935586496793421, 0.8951056038294979, 0.8966422137277682, 0.8981686107562052, 0.8996849243683597, 0.901191282118227, 0.9026878096893842, 0.9041746309202682, 0.9056518678346396, 0.9071196406680226, 0.9085780678932904, 0.910027266249742, 0.9114673507655334, 0.9128984347880299, 0.9143206300070885, 0.9157340464792512, 0.9171387926555991, 0.9185349754034058, 0.9199227000317689, 0.9213020703159849, 0.922673188519865, 0.9240361554207516, 0.9253910703303423, 0.9267380311188933, 0.9280771342364914, 0.929408474735811, 0.9307321462946812, 0.9320482412342997, 0.933356850543242, 0.9346580638983848, 0.9359519696834786, 0.9372386550090532, 0.9385182057347835, 0.9397907064864427, 0.9410562406770709, 0.9423148905252811, 0.9435667370730403, 0.9448118602064798, 0.9460503386699579, 0.9472822500880228, 0.9485076709813425, 0.9497266767837766, 0.9509393418592353, 0.9521457395202018, 0.953345942040626, 0.9545400206764174, 0.9557280456786647, 0.9569100863106512, 0.9580862108626896, 0.9592564866679023, 0.9604209801163492, 0.9615797566706124, 0.9627328808800182, 0.9638804163958512, 0.9650224259835027, 0.9661589715391273, 0.9672901140977631, 0.9684159138562468, 0.9695364301766211, 0.9706517216042851, 0.9717618458797544, 0.9728668599511497, 0.9739668199859502, 0.9750617813848986, 0.9761517987924531, 0.9772369261071008, 0.9783172164974383, 0.9793927224090568, 0.9804634955774908, 0.9815295870400491, 0.9825910471441863, 0.9836479255618049, 0.9847002712953788, 0.9857481326923451, 0.9867915574516791, 0.9878305926359422, 0.9888652846825633, 0.989895679408706, 0.9909218220239744, 0.9919437571410706, 0.9929615287813536, 0.9939751803861403, 0.9949847548251721, 0.995990294403597, 0.9969918408745886, 0.9979894354431862, 0.9989831187760784, 0.9999729310126548, 1.0009589117680686, 1.0019411001445657, 1.0029195347372681, 1.0038942536437672, 1.0048652944690823, 1.0058326943373448, 1.006796489892143, 1.0077567173091118, 1.0087134123016384, 1.0096666101267004, 1.010616345593819, 1.0115626530674509, 1.0125055664781575, 1.0134451193262415, 1.0143813446895713, 1.015314275228357, 1.0162439431913612, 1.0171703804237908, 1.0180936183712666, 1.0190136880851448, 1.0199306202301988, 1.0208444450898904, 1.0217551925700612, 1.0226628922059218, 1.023567573166334, 1.024469264261835, 1.0253679939455533, 1.0262637903207312, 1.0271566811461141, 1.0280466938390824, 1.028933855482002, 1.029818192827155, 1.0306997322992526, 1.031578500003288, 1.0324545217256147, 1.0333278229396756, 1.0341984288130637, 1.0350663642072582, 1.0359316536841952, 1.0367943215114959, 1.0376543916650762, 1.0385118878330764, 1.039366833419164, 1.0402192515498068, 1.0410691650736636, 1.041916596567797, 1.04276156834326, 1.0436041024435199, 1.0444442206528644, 1.045281944497469, 1.046117295250756, 1.046950293933993, 1.047780961322481, 1.0486093179485378, 1.0494353841019357, 1.0502591798364251, 1.051080724971419, 1.0519000390961195, 1.0527171415708514, 1.053532051531159, 1.0543447878908592, 1.0551553693458, 1.0559638143748828, 1.0567701412429522, 1.0575743680073029, 1.0583765125138431, 1.0591765924080465, 1.0599746251287028, 1.0607706279183133, 1.061564617820978, 1.0623566116874954, 1.0631466261750213, 1.0639346777538783, 1.0647207827044043, 1.065504957125385, 1.0662872169318118, 1.0670675778599303, 1.0678460554671523, 1.0686226651373583, 1.0693974220814857, 1.0701703413374064, 1.0709414377774675, 1.0717107261055296, 1.0724782208625723, 1.0732439364270216, 1.0740078870162608, 1.0747700866911196, 1.075530549356231, 1.0762892887607973, 1.0770463185027466, 1.0778016520308709, 1.0785553026430998, 1.0793072834931, 1.080057607589122, 1.0808062877968128, 1.0815533368401389, 1.0822987673051492, 1.0830425916393118, 1.083784822154595, 1.0845254710291787, 1.085264550307757, 1.086002071904951, 1.0867380476074608, 1.0874724890712344, 1.0882054078298793, 1.0889368152902157, 1.0896667227365777, 1.0903951413331852, 1.0911220821228076, 1.0918475560299867, 1.092571573862763, 1.0932941463143857, 1.0940152839626822, 1.0947349972729925, 1.0954532966002553, 1.096170192189109, 1.0968856941753908, 1.0975998125871065, 1.0983125573485562, 1.099023938275927, 1.099733965084381, 1.1004426473862177, 1.1011499946932397, 1.1018560164171238, 1.1025607218703795, 1.1032641202701114, 1.10396622073608, 1.1046670322930165, 1.1053665638721124, 1.1060648243122935, 1.106761822360958, 1.107457566672954, 1.1081520658169537, 1.10884532827195, 1.1095373624296476, 1.1102281765959685, 1.1109177789903568, 1.1116061777498676, 1.1122933809282265, 1.1129793964950796, 1.1136642323422885, 1.1143478962791789, 1.1150303960360999, 1.1157117392653308, 1.1163919335426224, 1.1170709863670567, 1.1177489051612564, 1.1184256972740965, 1.1191013699795695, 1.1197759304819161, 1.1204493859096887, 1.1211217433227243, 1.1217930097090338, 1.1224631919898433, 1.123132297013836, 1.1238003315662393, 1.1244673023612273, 1.1251332160499738, 1.1257980792172393, 1.1264618983819026, 1.1271246799998196, 1.127786430464441, 1.1284471561058664, 1.1291068631933077, 1.1297655579328378, 1.1304232464751343, 1.1310799349059815, 1.1317356292552865, 1.132390335494037, 1.1330440595367297, 1.1336968072399494, 1.1343485844045529, 1.1349993967761136, 1.1356492500448383, 1.13629814984814, 1.1369461017682279, 1.137593111336436, 1.138239184029225, 1.1388843252733905, 1.139528540443856]
----------------------
----------------------
:::::::::::::::::::::::::::::::::::::::::::::::::::::::::::::::::::::::::::::::
                                     Date and Time: 2024-09-24T11:50:27.958
:::::::::::::::::::::::::::::::::::::::::::::::::::::::::::::::::::::::::::::::
Independent boson: T = 0.1, alpha = 0.2, N_chain = 80, maxdim = 1000, cutoff = -8, tau = 0.008;
0.0015832813443014682;
0.006303460042630417;
0.014072904618472881;
0.02474999674516587;
0.03814539735495365;
0.054030100061228103;
0.07214466239019446;
0.09220896568855608;
0.11393188287313616;
0.13702031742398035;
0.16118719916636548;
0.18615816211506042;
0.21167676836266192;
0.23750826496315436;
0.26344195879853816;
0.28929236351610266;
0.3148993133889444;
0.3401272549520745;
0.36486392385834676;
0.38901859737542344;
0.41252008768388193;
0.4353146121630569;
0.45736364755186304;
0.47864184752486116;
0.49913507922413125;
0.5188386142203294;
0.5377554933351042;
0.5558950724878386;
0.5732717477646254;
0.5899038517115429;
0.6058127088892029;
0.6210218364825659;
0.6355562747834705;
0.6494420323100325;
0.6627056308920742;
0.6753737370017554;
0.6874728667783742;
0.6990291534734008;
0.7100681673254727;
0.7206147791230078;
0.7306930598697692;
0.7403262100586616;
0.7495365130018805;
0.7583453075567348;
0.7667729763176737;
0.7748389460323191;
0.7825616975577293;
0.7899587831728851;
0.7970468494710004;
0.8038416644179057;
Date and Time: 2024-09-24T11:50:44.145
Output: Independent boson: T = 0.1, alpha = 0.2, N_chain = 80, maxdim = 1000, cutoff = -8, tau = 0.008
[0.0, 0.0015832813443014682, 0.006303460042630417, 0.014072904618472881, 0.02474999674516587, 0.03814539735495365, 0.054030100061228103, 0.07214466239019446, 0.09220896568855608, 0.11393188287313616, 0.13702031742398035, 0.16118719916636548, 0.18615816211506042, 0.21167676836266192, 0.23750826496315436, 0.26344195879853816, 0.28929236351610266, 0.3148993133889444, 0.3401272549520745, 0.36486392385834676, 0.38901859737542344, 0.41252008768388193, 0.4353146121630569, 0.45736364755186304, 0.47864184752486116, 0.49913507922413125, 0.5188386142203294, 0.5377554933351042, 0.5558950724878386, 0.5732717477646254, 0.5899038517115429, 0.6058127088892029, 0.6210218364825659, 0.6355562747834705, 0.6494420323100325, 0.6627056308920742, 0.6753737370017554, 0.6874728667783742, 0.6990291534734008, 0.7100681673254727, 0.7206147791230078, 0.7306930598697692, 0.7403262100586616, 0.7495365130018805, 0.7583453075567348, 0.7667729763176737, 0.7748389460323191, 0.7825616975577293, 0.7899587831728851, 0.7970468494710004, 0.8038416644179057]
----------------------
----------------------
:::::::::::::::::::::::::::::::::::::::::::::::::::::::::::::::::::::::::::::::
                                     Date and Time: 2024-09-24T11:52:47.130
:::::::::::::::::::::::::::::::::::::::::::::::::::::::::::::::::::::::::::::::
Independent boson: T = 1, alpha = 0.2, N_chain = 80, maxdim = 1000, cutoff = -8, tau = 0.008;
0.0015926643552294228;
0.006340994133535727;
0.014157363580999394;
0.024900162551783067;
0.03838006078172307;
0.05436805908807241;
0.07260471826649739;
0.09280991681604456;
0.11469251686002657;
0.13795940181344224;
0.16232347138221692;
0.1875103191564531;
0.21326345669211988;
0.23934807091927496;
0.265553399717422;
0.2916938796317714;
0.317609260457008;
0.34316389746900655;
0.368245428704532;
0.39276302768610494;
0.4166453967797301;
0.4398386373898444;
0.4623041039395259;
0.48401632120749527;
0.5049610206191935;
0.5251333309907236;
0.5445361431929974;
0.563178655910318;
0.5810751006966819;
0.5982436383421108;
0.6147054145732966;
0.6304837608809455;
0.6456035252820208;
0.6600905177780114;
0.67397105582718;
0.6872715961091597;
0.700018440018918;
0.7122375016220983;
0.7239541280602169;
0.7351929636649324;
0.7459778501886338;
0.7563317566336547;
0.7662767331268139;
0.7758338841481138;
0.78502335718178;
0.7938643435207948;
0.8023750885225389;
0.8105729091269609;
0.8184742168389457;
0.8260945447613854;
Date and Time: 2024-09-24T11:53:03.590
Output: Independent boson: T = 1, alpha = 0.2, N_chain = 80, maxdim = 1000, cutoff = -8, tau = 0.008
[0.0, 0.0015926643552294228, 0.006340994133535727, 0.014157363580999394, 0.024900162551783067, 0.03838006078172307, 0.05436805908807241, 0.07260471826649739, 0.09280991681604456, 0.11469251686002657, 0.13795940181344224, 0.16232347138221692, 0.1875103191564531, 0.21326345669211988, 0.23934807091927496, 0.265553399717422, 0.2916938796317714, 0.317609260457008, 0.34316389746900655, 0.368245428704532, 0.39276302768610494, 0.4166453967797301, 0.4398386373898444, 0.4623041039395259, 0.48401632120749527, 0.5049610206191935, 0.5251333309907236, 0.5445361431929974, 0.563178655910318, 0.5810751006966819, 0.5982436383421108, 0.6147054145732966, 0.6304837608809455, 0.6456035252820208, 0.6600905177780114, 0.67397105582718, 0.6872715961091597, 0.700018440018918, 0.7122375016220983, 0.7239541280602169, 0.7351929636649324, 0.7459778501886338, 0.7563317566336547, 0.7662767331268139, 0.7758338841481138, 0.78502335718178, 0.7938643435207948, 0.8023750885225389, 0.8105729091269609, 0.8184742168389457, 0.8260945447613854]
----------------------
----------------------
:::::::::::::::::::::::::::::::::::::::::::::::::::::::::::::::::::::::::::::::
                                     Date and Time: 2024-09-24T11:53:36.511
:::::::::::::::::::::::::::::::::::::::::::::::::::::::::::::::::::::::::::::::
Independent boson: T = 1, alpha = 1, N_chain = 80, maxdim = 1000, cutoff = -8, tau = 0.008;
0.007963284105305668;
0.031704375021635034;
0.07078386086573629;
0.12449171708515672;
0.19187884875219718;
0.27179760913653706;
0.362948213005054;
0.4639277678209;
0.5732787952735207;
0.6895345473794445;
0.8112590426194;
0.937080454989142;
1.0657171876017224;
1.1959965792940785;
1.3268666818398944;
1.4574018883742934;
1.5868033942915916;
1.7144018055474497;
1.8396478483336587;
1.9620467034080658;
2.081265843214944;
2.1970386187109945;
2.3091717277733035;
2.4175378146675364;
2.522078380339404;
2.6227806018577158;
2.719687940431781;
2.8128015898450376;
2.9021306611803186;
2.9878179236293434;
3.069977612560298;
3.1487207274001894;
3.224228011453123;
3.296603816739013;
3.365948294941906;
3.432297103879994;
3.495884259362064;
3.556939237510531;
3.6155135331112973;
3.671703692588962;
3.7256176057750388;
3.7773677895189595;
3.827075324049245;
3.874861605064893;
3.9208005565126243;
3.9651116530276864;
4.007616785895795;
4.048395504872128;
4.087530951997209;
4.125122470959674;
Date and Time: 2024-09-24T11:53:56.062
Output: Independent boson: T = 1, alpha = 1, N_chain = 80, maxdim = 1000, cutoff = -8, tau = 0.008
[0.0, 0.007963284105305668, 0.031704375021635034, 0.07078386086573629, 0.12449171708515672, 0.19187884875219718, 0.27179760913653706, 0.362948213005054, 0.4639277678209, 0.5732787952735207, 0.6895345473794445, 0.8112590426194, 0.937080454989142, 1.0657171876017224, 1.1959965792940785, 1.3268666818398944, 1.4574018883742934, 1.5868033942915916, 1.7144018055474497, 1.8396478483336587, 1.9620467034080658, 2.081265843214944, 2.1970386187109945, 2.3091717277733035, 2.4175378146675364, 2.522078380339404, 2.6227806018577158, 2.719687940431781, 2.8128015898450376, 2.9021306611803186, 2.9878179236293434, 3.069977612560298, 3.1487207274001894, 3.224228011453123, 3.296603816739013, 3.365948294941906, 3.432297103879994, 3.495884259362064, 3.556939237510531, 3.6155135331112973, 3.671703692588962, 3.7256176057750388, 3.7773677895189595, 3.827075324049245, 3.874861605064893, 3.9208005565126243, 3.9651116530276864, 4.007616785895795, 4.048395504872128, 4.087530951997209, 4.125122470959674]
----------------------
----------------------
:::::::::::::::::::::::::::::::::::::::::::::::::::::::::::::::::::::::::::::::
                                     Date and Time: 2024-09-24T19:14:14.555
:::::::::::::::::::::::::::::::::::::::::::::::::::::::::::::::::::::::::::::::
Independent boson: T = 1, alpha = 0.2, N_chain = 90, maxdim = 1000, cutoff = -8, tau = 0.003;
0.00022487468592236048;
0.0008989037836887315;
0.002020306359412638;
0.003586127291865804;
0.0055922567562760594;
0.008033457168704627;
0.010903397263062331;
0.014194692894653471;
0.017898954086986718;
0.022006837772814425;
0.02650810562296879;
0.03139168632658729;
0.03664574162297596;
0.04225773539983657;
0.04821450513208814;
0.05450233495636336;
0.061107029673490576;
0.06801398900772027;
0.07520828146167502;
0.0826747171684683;
0.0903979191571258;
0.09836239253198376;
0.1065525910878995;
0.11495298096032558;
0.12354810096333879;
0.1323226193200855;
0.14126138656635479;
0.15034948443667373;
0.1595722706284941;
0.1689154193715653;
0.178364957778121;
0.1879072980046248;
0.19752926529228165;
0.20721812197081468;
0.2169615875756054;
0.22674785522115715;
0.23656560441114305;
0.24640401048495567;
0.2562527509050144;
0.26610200860436306;
0.2759424726175644;
0.2857653362241863;
0.2955622928282553;
0.3053255297984281;
0.315047720490258;
0.32472201465982287;
0.33434202747657515;
0.34390182732691454;
0.35339592259635566;
0.3628192476024861;
0.3721671478420008;
0.38143536470230943;
0.3906200197758919;
0.3997175989041868;
0.4087249360693934;
0.4176391972350424;
0.42645786423019527;
0.43517871875983216;
0.4437998266152321;
0.45231952214815907;
0.4607363930602071;
0.46904926556143867;
0.4772571899293032;
0.4853594265031125;
0.4933554321432637;
0.5012448471709119;
0.509027482802718;
0.5167033090927475;
0.5242724433863033;
0.5317351392888914;
0.5390917761451175;
0.546342849028314;
0.5534889592309467;
0.5605308052487434;
0.5674691742449833;
0.5743049339871742;
0.5810390252399433;
0.5876724545988865;
0.5942062877539844;
0.6006416431631606;
0.6069796861214727;
0.6132216232099086;
0.6193686971079477;
0.6254221817506456;
0.6313833778184397;
0.6372536085368474;
0.6430342157819041;
0.6487265564603495;
0.6543319991648616;
0.6598519210759102;
0.6652877051101791;
0.6706407372868817;
0.6759124043136188;
0.6811040913670074;
0.6862171800623429;
0.691253046600282;
0.6962130600778438;
0.7010985809532522;
0.7059109596571439;
0.710651535336676;
0.715321634726851;
0.7199225711375823;
0.7244556435527544;
0.72892213582883;
0.7333233159866704;
0.7376604355949112;
0.7419347292307199;
0.7461474140178115;
0.7502996892312902;
0.7543927359724256;
0.75842771689415;
0.7624057759885033;
0.7663280384210103;
0.770195610409552;
0.7740095791490653;
0.7777710127723547;
0.7814809603456985;
0.7851404518981309;
0.7887504984790961;
0.7923120922441546;
0.7958262065610122;
0.7992937961409263;
0.80271579718878;
0.8060931275674366;
0.8094266869841049;
0.8127173571830771;
0.8159660021581416;
0.8191734683682839;
0.8223405849689669;
0.8254681640497974;
0.8285570008765786;
0.8316078741443356;
0.8346215462298613;
0.8375987634518467;
0.84054025633572;
0.8434467398740944;
0.8463189137975169;
0.8491574628414267;
0.8519630570150233;
0.8547363518686235;
0.8574779887658701;
0.8601885951475929;
0.8628687848001693;
0.8655191581210531;
0.8681403023819741;
0.8707327919892704;
0.8732971887438989;
0.8758340420969013;
0.8783438894047368;
0.8808272561781989;
0.8832846563300356;
0.8857165924220589;
0.88812355590287;
0.8905060273482979;
0.8928644766951599;
0.8951993634705668;
0.8975111370222555;
0.8998002367387111;
0.9020670922716412;
0.9043121237512664;
0.9065357419993203;
0.908738348736593;
0.9109203367901775;
0.913082090291667;
0.9152239848804977;
0.9173463878910076;
0.9194496585474721;
0.9215341481490669;
0.9236002002530066;
0.9256481508553516;
0.9276783285649876;
0.9296910547765963;
0.9316866438408178;
0.9336654032277458;
0.9356276336901032;
0.937573629421562;
0.9395036782122029;
0.941418061599919;
0.9433170550187442;
0.9452009279461188;
0.9470699440440502;
0.9489243612967602;
0.9507644321500773;
0.9525904036422589;
0.9544025175340531;
0.9562010104365637;
0.9579861139352303;
0.9597580547110056;
0.9615170546600438;
0.9632633310062422;
0.9649970964186128;
0.9667185591187566;
0.9684279229888182;
0.9701253876776839;
0.9718111487036218;
0.9734853975525815;
0.9751483217787293;
0.9768001050963926;
0.9784409274767033;
0.9800709652337758;
0.9816903911185004;
0.9832993743988827;
0.9848980809483654;
0.9864866733254901;
0.9880653108527593;
0.9896341496977962;
0.9911933429448516;
0.9927430406703935;
0.9942833900158377;
0.9958145352548686;
0.9973366178633092;
0.9988497765849591;
1.0003541474963489;
1.0018498640674312;
1.0033370572262112;
1.0048158554143454;
1.0062863846479038;
1.0077487685720559;
1.0092031285169167;
1.0106495835490725;
1.0120882505244981;
1.0135192441392216;
1.0149426769775065;
1.0163586595606733;
1.0177673003921417;
1.0191687060032928;
1.0205629809974526;
1.0219502280916448;
1.023330548160406;
1.024704040273393;
1.026070801735307;
1.0274309281256166;
1.0287845133345352;
1.0301316495989365;
1.0314724275381826;
1.0328069361880243;
1.0341352630342249;
1.0354574940442367;
1.0367737136990656;
1.0380840050252609;
1.0393884496215366;
1.0406871276920193;
1.0419801180706567;
1.043267498251365;
1.044549344413559;
1.0458257314499786;
1.0470967329890501;
1.048362421421889;
1.049622867926836;
1.0508781424909464;
1.0521283139350524;
1.0533734499350966;
1.054613617044009;
1.0558488807125344;
1.0570793053109817;
1.0583049541478429;
1.0595258894917274;
1.0607421725890103;
1.0619538636826575;
1.0631610220312253;
1.064363705926924;
1.065561972711751;
1.0667558787958942;
1.0679454796742704;
1.069130829942877;
1.0703119833127939;
1.0714889926301374;
1.0726619098864576;
1.0738307862369623;
1.0749956720144505;
1.0761566167420078;
1.0773136691479168;
1.078466877181622;
1.079616288023029;
1.0807619480990236;
1.081903903095299;
1.0830421979663958;
1.084176876953524;
1.0853079835913213;
1.0864355607230867;
1.0875596505106997;
1.088680294447551;
1.0897975333670815;
1.0909114074580573;
1.092021956270178;
1.093129218728822;
1.0942332331447118;
1.095334037221457;
1.0964316680678432;
1.0975261622086951;
1.0986175555915911;
1.0997058835986007;
1.1007911810557185;
1.101873482239507;
1.1029528208889752;
1.1040292302129608;
1.1051027428992668;
1.1061733911229614;
1.1072412065549995;
1.1083062203713312;
1.1093684632582164;
1.1104279654235505;
1.1114847566035515;
1.1125388660691373;
1.1135903226358896;
1.1146391546695051;
1.115685390094574;
1.1167290564005716;
1.1177701806506588;
1.1188087894872827;
1.1198449091400298;
1.1208785654307443;
1.12190978378341;
1.1229385892267147;
1.1239650064043;
1.124989059578372;
1.1260107726374258;
1.1270301691028506;
1.1280472721329013;
1.1290621045314866;
1.1300746887513522;
1.1310850469021294;
1.1320932007552191;
1.1330991717478507;
1.1341029809927274;
1.1351046492786165;
1.1361041970779076;
1.137101644554211;
1.1380970115630504;
1.1390903176593243;
1.1400815821042767;
1.1410708238660565;
1.142058061628546;
1.1430433137939033;
1.144026598487986;
1.1450079335652565;
1.1459873366137705;
1.1469648249570794;
1.147940415662645;
1.1489141255429192;
1.1498859711612588;
1.1508559688364586;
1.1518241346451106;
1.1527904844273897;
1.1537550337906484;
1.15471779811315;
1.1556787925476237;
1.1566380320267937;
1.1575955312644328;
1.1585513047610847;
1.1595053668084379;
1.1604577314895037;
1.161408412686317;
1.162357424080146;
1.1633047791566757;
1.1642504912085558;
1.165194573339702;
1.166137038467124;
1.1670778993251998;
1.168017168468475;
1.1689548582756657;
1.1698909809499562;
1.1708255485256933;
1.1717585728673512;
1.1726900656764603;
1.1736200384925193;
1.174548502694088;
1.1754754695034981;
1.1764009499909474;
1.1773249550735705;
1.178247495520528;
1.179168581954963;
1.180088224856222;
1.181006434563065;
1.1819232212752113;
1.1828385950555604;
1.1837525658339971;
1.184665143408448;
1.1855763374470247;
1.1864861574911816;
1.1873946129571176;
1.1883017131387479;
1.1892074672086508;
1.1901118842210785;
1.1910149731127493;
1.1919167427084547;
1.1928172017176348;
1.1937163587398842;
1.1946142222674654;
1.1955108006836297;
1.1964061022674908;
1.1973001351953674;
1.1981929075408013;
1.1990844272794472;
1.1999747022864433;
1.2008637403423055;
1.2017515491322472;
1.2026381362471967;
1.2035235091880736;
1.2044076753648;
1.2052906420982281;
1.2061724166225023;
1.2070530060868179;
1.2079324175543538;
1.208810658006589;
1.2096877343441674;
1.2105636533860304;
1.2114384218733132;
1.2123120464694768;
1.2131845337628597;
1.214055890265963;
1.2149261224176828;
1.2157952365858093;
1.2166632390657792;
1.2175301360840713;
1.2183959337992751;
1.2192606383003282;
1.2201242556119336;
1.2209867916920651;
1.2218482524358885;
1.2227086436738914;
1.2235679711743428;
1.2244262406467565;
1.225283457737385;
1.2261396280353494;
1.2269947570695312;
1.227848850312538;
1.2287019131803696;
1.2295539510330347;
1.2304049691754053;
1.2312549728588544;
1.2321039672807028;
1.2329519575880459;
1.2337989488739791;
1.2346449461827471;
1.2354899545090217;
1.2363339787981966;
1.2371770239476683;
1.2380190948071133;
1.2388601961810888;
1.2397003328278178;
1.2405395094604668;
1.2413777307490417;
1.242215001318526;
1.243051325752115;
1.2438867085910896;
1.244721154333758;
1.2455546674386624;
1.2463872523229984;
1.2472189133649876;
1.2480496549018614;
1.2488794812336428;
1.2497083966207836;
1.2505364052868275;
1.2513635114176191;
1.25218971916245;
1.2530150326346219;
1.2538394559120802;
1.2546629930376523;
1.255485648019703;
1.25630742483356;
1.25712832742093;
1.257948359691151;
1.2587675255215725;
1.2595858287573591;
1.26040327321319;
1.2612198626732496;
1.2620356008909193;
1.2628504915896905;
1.2636645384627818;
1.2644777451755664;
1.2652901153630827;
1.2661016526324338;
1.2669123605618622;
1.2677222427023154;
1.2685313025771765;
1.2693395436818589;
1.270146969484996;
1.2709535834302923;
1.2717593889352108;
1.2725643893888834;
1.2733685881614998;
1.2741719885927898;
1.2749745940015567;
1.2757764076817608;
1.27657743290492;
1.2773776729179227;
1.2781771309456722;
1.2789758101903543;
1.2797737138315903;
1.2805708450263833;
1.2813672069100537;
1.2821628025948768;
1.2829576351734686;
1.2837517077141158;
1.2845450232661018;
1.2853375848562438;
1.2861293954913233;
1.28692045815761;
1.2877107758207855;
Date and Time: 2024-09-24T19:17:27.147
Output: Independent boson: T = 1, alpha = 0.2, N_chain = 90, maxdim = 1000, cutoff = -8, tau = 0.003
[0.0, 0.00022487468592236048, 0.0008989037836887315, 0.002020306359412638, 0.003586127291865804, 0.0055922567562760594, 0.008033457168704627, 0.010903397263062331, 0.014194692894653471, 0.017898954086986718, 0.022006837772814425, 0.02650810562296879, 0.03139168632658729, 0.03664574162297596, 0.04225773539983657, 0.04821450513208814, 0.05450233495636336, 0.061107029673490576, 0.06801398900772027, 0.07520828146167502, 0.0826747171684683, 0.0903979191571258, 0.09836239253198376, 0.1065525910878995, 0.11495298096032558, 0.12354810096333879, 0.1323226193200855, 0.14126138656635479, 0.15034948443667373, 0.1595722706284941, 0.1689154193715653, 0.178364957778121, 0.1879072980046248, 0.19752926529228165, 0.20721812197081468, 0.2169615875756054, 0.22674785522115715, 0.23656560441114305, 0.24640401048495567, 0.2562527509050144, 0.26610200860436306, 0.2759424726175644, 0.2857653362241863, 0.2955622928282553, 0.3053255297984281, 0.315047720490258, 0.32472201465982287, 0.33434202747657515, 0.34390182732691454, 0.35339592259635566, 0.3628192476024861, 0.3721671478420008, 0.38143536470230943, 0.3906200197758919, 0.3997175989041868, 0.4087249360693934, 0.4176391972350424, 0.42645786423019527, 0.43517871875983216, 0.4437998266152321, 0.45231952214815907, 0.4607363930602071, 0.46904926556143867, 0.4772571899293032, 0.4853594265031125, 0.4933554321432637, 0.5012448471709119, 0.509027482802718, 0.5167033090927475, 0.5242724433863033, 0.5317351392888914, 0.5390917761451175, 0.546342849028314, 0.5534889592309467, 0.5605308052487434, 0.5674691742449833, 0.5743049339871742, 0.5810390252399433, 0.5876724545988865, 0.5942062877539844, 0.6006416431631606, 0.6069796861214727, 0.6132216232099086, 0.6193686971079477, 0.6254221817506456, 0.6313833778184397, 0.6372536085368474, 0.6430342157819041, 0.6487265564603495, 0.6543319991648616, 0.6598519210759102, 0.6652877051101791, 0.6706407372868817, 0.6759124043136188, 0.6811040913670074, 0.6862171800623429, 0.691253046600282, 0.6962130600778438, 0.7010985809532522, 0.7059109596571439, 0.710651535336676, 0.715321634726851, 0.7199225711375823, 0.7244556435527544, 0.72892213582883, 0.7333233159866704, 0.7376604355949112, 0.7419347292307199, 0.7461474140178115, 0.7502996892312902, 0.7543927359724256, 0.75842771689415, 0.7624057759885033, 0.7663280384210103, 0.770195610409552, 0.7740095791490653, 0.7777710127723547, 0.7814809603456985, 0.7851404518981309, 0.7887504984790961, 0.7923120922441546, 0.7958262065610122, 0.7992937961409263, 0.80271579718878, 0.8060931275674366, 0.8094266869841049, 0.8127173571830771, 0.8159660021581416, 0.8191734683682839, 0.8223405849689669, 0.8254681640497974, 0.8285570008765786, 0.8316078741443356, 0.8346215462298613, 0.8375987634518467, 0.84054025633572, 0.8434467398740944, 0.8463189137975169, 0.8491574628414267, 0.8519630570150233, 0.8547363518686235, 0.8574779887658701, 0.8601885951475929, 0.8628687848001693, 0.8655191581210531, 0.8681403023819741, 0.8707327919892704, 0.8732971887438989, 0.8758340420969013, 0.8783438894047368, 0.8808272561781989, 0.8832846563300356, 0.8857165924220589, 0.88812355590287, 0.8905060273482979, 0.8928644766951599, 0.8951993634705668, 0.8975111370222555, 0.8998002367387111, 0.9020670922716412, 0.9043121237512664, 0.9065357419993203, 0.908738348736593, 0.9109203367901775, 0.913082090291667, 0.9152239848804977, 0.9173463878910076, 0.9194496585474721, 0.9215341481490669, 0.9236002002530066, 0.9256481508553516, 0.9276783285649876, 0.9296910547765963, 0.9316866438408178, 0.9336654032277458, 0.9356276336901032, 0.937573629421562, 0.9395036782122029, 0.941418061599919, 0.9433170550187442, 0.9452009279461188, 0.9470699440440502, 0.9489243612967602, 0.9507644321500773, 0.9525904036422589, 0.9544025175340531, 0.9562010104365637, 0.9579861139352303, 0.9597580547110056, 0.9615170546600438, 0.9632633310062422, 0.9649970964186128, 0.9667185591187566, 0.9684279229888182, 0.9701253876776839, 0.9718111487036218, 0.9734853975525815, 0.9751483217787293, 0.9768001050963926, 0.9784409274767033, 0.9800709652337758, 0.9816903911185004, 0.9832993743988827, 0.9848980809483654, 0.9864866733254901, 0.9880653108527593, 0.9896341496977962, 0.9911933429448516, 0.9927430406703935, 0.9942833900158377, 0.9958145352548686, 0.9973366178633092, 0.9988497765849591, 1.0003541474963489, 1.0018498640674312, 1.0033370572262112, 1.0048158554143454, 1.0062863846479038, 1.0077487685720559, 1.0092031285169167, 1.0106495835490725, 1.0120882505244981, 1.0135192441392216, 1.0149426769775065, 1.0163586595606733, 1.0177673003921417, 1.0191687060032928, 1.0205629809974526, 1.0219502280916448, 1.023330548160406, 1.024704040273393, 1.026070801735307, 1.0274309281256166, 1.0287845133345352, 1.0301316495989365, 1.0314724275381826, 1.0328069361880243, 1.0341352630342249, 1.0354574940442367, 1.0367737136990656, 1.0380840050252609, 1.0393884496215366, 1.0406871276920193, 1.0419801180706567, 1.043267498251365, 1.044549344413559, 1.0458257314499786, 1.0470967329890501, 1.048362421421889, 1.049622867926836, 1.0508781424909464, 1.0521283139350524, 1.0533734499350966, 1.054613617044009, 1.0558488807125344, 1.0570793053109817, 1.0583049541478429, 1.0595258894917274, 1.0607421725890103, 1.0619538636826575, 1.0631610220312253, 1.064363705926924, 1.065561972711751, 1.0667558787958942, 1.0679454796742704, 1.069130829942877, 1.0703119833127939, 1.0714889926301374, 1.0726619098864576, 1.0738307862369623, 1.0749956720144505, 1.0761566167420078, 1.0773136691479168, 1.078466877181622, 1.079616288023029, 1.0807619480990236, 1.081903903095299, 1.0830421979663958, 1.084176876953524, 1.0853079835913213, 1.0864355607230867, 1.0875596505106997, 1.088680294447551, 1.0897975333670815, 1.0909114074580573, 1.092021956270178, 1.093129218728822, 1.0942332331447118, 1.095334037221457, 1.0964316680678432, 1.0975261622086951, 1.0986175555915911, 1.0997058835986007, 1.1007911810557185, 1.101873482239507, 1.1029528208889752, 1.1040292302129608, 1.1051027428992668, 1.1061733911229614, 1.1072412065549995, 1.1083062203713312, 1.1093684632582164, 1.1104279654235505, 1.1114847566035515, 1.1125388660691373, 1.1135903226358896, 1.1146391546695051, 1.115685390094574, 1.1167290564005716, 1.1177701806506588, 1.1188087894872827, 1.1198449091400298, 1.1208785654307443, 1.12190978378341, 1.1229385892267147, 1.1239650064043, 1.124989059578372, 1.1260107726374258, 1.1270301691028506, 1.1280472721329013, 1.1290621045314866, 1.1300746887513522, 1.1310850469021294, 1.1320932007552191, 1.1330991717478507, 1.1341029809927274, 1.1351046492786165, 1.1361041970779076, 1.137101644554211, 1.1380970115630504, 1.1390903176593243, 1.1400815821042767, 1.1410708238660565, 1.142058061628546, 1.1430433137939033, 1.144026598487986, 1.1450079335652565, 1.1459873366137705, 1.1469648249570794, 1.147940415662645, 1.1489141255429192, 1.1498859711612588, 1.1508559688364586, 1.1518241346451106, 1.1527904844273897, 1.1537550337906484, 1.15471779811315, 1.1556787925476237, 1.1566380320267937, 1.1575955312644328, 1.1585513047610847, 1.1595053668084379, 1.1604577314895037, 1.161408412686317, 1.162357424080146, 1.1633047791566757, 1.1642504912085558, 1.165194573339702, 1.166137038467124, 1.1670778993251998, 1.168017168468475, 1.1689548582756657, 1.1698909809499562, 1.1708255485256933, 1.1717585728673512, 1.1726900656764603, 1.1736200384925193, 1.174548502694088, 1.1754754695034981, 1.1764009499909474, 1.1773249550735705, 1.178247495520528, 1.179168581954963, 1.180088224856222, 1.181006434563065, 1.1819232212752113, 1.1828385950555604, 1.1837525658339971, 1.184665143408448, 1.1855763374470247, 1.1864861574911816, 1.1873946129571176, 1.1883017131387479, 1.1892074672086508, 1.1901118842210785, 1.1910149731127493, 1.1919167427084547, 1.1928172017176348, 1.1937163587398842, 1.1946142222674654, 1.1955108006836297, 1.1964061022674908, 1.1973001351953674, 1.1981929075408013, 1.1990844272794472, 1.1999747022864433, 1.2008637403423055, 1.2017515491322472, 1.2026381362471967, 1.2035235091880736, 1.2044076753648, 1.2052906420982281, 1.2061724166225023, 1.2070530060868179, 1.2079324175543538, 1.208810658006589, 1.2096877343441674, 1.2105636533860304, 1.2114384218733132, 1.2123120464694768, 1.2131845337628597, 1.214055890265963, 1.2149261224176828, 1.2157952365858093, 1.2166632390657792, 1.2175301360840713, 1.2183959337992751, 1.2192606383003282, 1.2201242556119336, 1.2209867916920651, 1.2218482524358885, 1.2227086436738914, 1.2235679711743428, 1.2244262406467565, 1.225283457737385, 1.2261396280353494, 1.2269947570695312, 1.227848850312538, 1.2287019131803696, 1.2295539510330347, 1.2304049691754053, 1.2312549728588544, 1.2321039672807028, 1.2329519575880459, 1.2337989488739791, 1.2346449461827471, 1.2354899545090217, 1.2363339787981966, 1.2371770239476683, 1.2380190948071133, 1.2388601961810888, 1.2397003328278178, 1.2405395094604668, 1.2413777307490417, 1.242215001318526, 1.243051325752115, 1.2438867085910896, 1.244721154333758, 1.2455546674386624, 1.2463872523229984, 1.2472189133649876, 1.2480496549018614, 1.2488794812336428, 1.2497083966207836, 1.2505364052868275, 1.2513635114176191, 1.25218971916245, 1.2530150326346219, 1.2538394559120802, 1.2546629930376523, 1.255485648019703, 1.25630742483356, 1.25712832742093, 1.257948359691151, 1.2587675255215725, 1.2595858287573591, 1.26040327321319, 1.2612198626732496, 1.2620356008909193, 1.2628504915896905, 1.2636645384627818, 1.2644777451755664, 1.2652901153630827, 1.2661016526324338, 1.2669123605618622, 1.2677222427023154, 1.2685313025771765, 1.2693395436818589, 1.270146969484996, 1.2709535834302923, 1.2717593889352108, 1.2725643893888834, 1.2733685881614998, 1.2741719885927898, 1.2749745940015567, 1.2757764076817608, 1.27657743290492, 1.2773776729179227, 1.2781771309456722, 1.2789758101903543, 1.2797737138315903, 1.2805708450263833, 1.2813672069100537, 1.2821628025948768, 1.2829576351734686, 1.2837517077141158, 1.2845450232661018, 1.2853375848562438, 1.2861293954913233, 1.28692045815761, 1.2877107758207855]
----------------------
