----------------------
:::::::::::::::::::::::::::::::::::::::::::::::::::::::::::::::::::::::::::::::
                                     Date and Time: 2024-09-23T20:51:21.644
:::::::::::::::::::::::::::::::::::::::::::::::::::::::::::::::::::::::::::::::
Independent boson: T = 1, alpha = 0.2, N_chain = 50, maxdim = 1000, cutoff = -8, tau = 0.008;
0.014157363580780125;
0.02490016255159433;
0.03838006078167033;
0.054368059087879506;
0.07260471826618375;
0.09280991681612227;
0.11469251686011574;
0.13795940181389743;
0.16232347138263048;
0.18751031915694263;
0.21326345669265834;
0.23934807091907095;
0.26555339971733316;
0.2916938796319324;
0.3176092604567915;
0.34316389746874565;
0.3682454287041059;
0.39276302768596616;
0.4166453967790862;
0.4398386373897223;
0.4623041039390652;
0.48401632120737004;
0.5049610206187993;
0.5251333309903461;
0.5445361431930862;
0.5631786559102681;
0.5810751006970205;
0.5982436383426826;
0.6147054145732855;
0.630483760881051;
0.6456035252819752;
0.6600905177782168;
0.6739710558275158;
0.6872715961092374;
0.7000184400189791;
0.7122375016224036;
0.7239541280599782;
0.7351929636644328;
0.7459778501882786;
0.7563317566332273;
0.7662767331259979;
0.7758338841472812;
0.7850233571812582;
0.7938643435204229;
0.8023750885219338;
0.8105729091261921;
0.8184742168381847;
0.8260945447604181;
0.8334485775345901;
0.840550183307523;
Date and Time: 2024-09-23T20:52:53.188
Output: Independent boson: T = 1, alpha = 0.2, N_chain = 50, maxdim = 1000, cutoff = -8, tau = 0.008
[0.0, 0.014157363580780125, 0.02490016255159433, 0.03838006078167033, 0.054368059087879506, 0.07260471826618375, 0.09280991681612227, 0.11469251686011574, 0.13795940181389743, 0.16232347138263048, 0.18751031915694263, 0.21326345669265834, 0.23934807091907095, 0.26555339971733316, 0.2916938796319324, 0.3176092604567915, 0.34316389746874565, 0.3682454287041059, 0.39276302768596616, 0.4166453967790862, 0.4398386373897223, 0.4623041039390652, 0.48401632120737004, 0.5049610206187993, 0.5251333309903461, 0.5445361431930862, 0.5631786559102681, 0.5810751006970205, 0.5982436383426826, 0.6147054145732855, 0.630483760881051, 0.6456035252819752, 0.6600905177782168, 0.6739710558275158, 0.6872715961092374, 0.7000184400189791, 0.7122375016224036, 0.7239541280599782, 0.7351929636644328, 0.7459778501882786, 0.7563317566332273, 0.7662767331259979, 0.7758338841472812, 0.7850233571812582, 0.7938643435204229, 0.8023750885219338, 0.8105729091261921, 0.8184742168381847, 0.8260945447604181, 0.8334485775345901, 0.840550183307523]
----------------------
0.8474124470315592;
0.8540477045611506;
0.8604675771420217;
0.8666830059773438;
0.8727042866321024;
0.8785411030808078;
0.8842025612570739;
0.8896972219712331;
0.8950331330890148;
0.9002178608818088;
0.9052585204515141;
0.9101618051576159;
0.9149340149608101;
0.9195810836214098;
0.9241086046853968;
0.9285218562040183;
0.9328258241423701;
0.9370252244445645;
0.9411245237292492;
0.9451279586037075;
0.9490395536064287;
0.9528631377808082;
0.9566023599174844;
0.9602607024915473;
0.9638414943486465;
0.9673479221905201;
0.9707830409237405;
0.9741497829392719;
0.9774509663924844;
0.9806893025603466;
0.9838674023484879;
0.9869877820226053;
0.9900528682421454;
0.993065002462575;
0.9960264447741103;
0.9989393772417237;
1.0018059068123173;
1.0046280678363309;
1.0074078242683295;
1.0101470715957706;
1.0128476385373881;
1.0155112885691635;
1.018139721303787;
1.0207345737692166;
1.0232974216042274;
1.0258297802010299;
1.0283331058136802;
1.030808796648602;
1.0332581939557974;
1.035682583133964;
Date and Time: 2024-09-23T20:53:42.837
Output: Independent boson: T = 1, alpha = 0.2, N_chain = 50, maxdim = 1000, cutoff = -8, tau = 0.008
[0.0, 0.014157363580780125, 0.02490016255159433, 0.03838006078167033, 0.054368059087879506, 0.07260471826618375, 0.09280991681612227, 0.11469251686011574, 0.13795940181389743, 0.16232347138263048, 0.18751031915694263, 0.21326345669265834, 0.23934807091907095, 0.26555339971733316, 0.2916938796319324, 0.3176092604567915, 0.34316389746874565, 0.3682454287041059, 0.39276302768596616, 0.4166453967790862, 0.4398386373897223, 0.4623041039390652, 0.48401632120737004, 0.5049610206187993, 0.5251333309903461, 0.5445361431930862, 0.5631786559102681, 0.5810751006970205, 0.5982436383426826, 0.6147054145732855, 0.630483760881051, 0.6456035252819752, 0.6600905177782168, 0.6739710558275158, 0.6872715961092374, 0.7000184400189791, 0.7122375016224036, 0.7239541280599782, 0.7351929636644328, 0.7459778501882786, 0.7563317566332273, 0.7662767331259979, 0.7758338841472812, 0.7850233571812582, 0.7938643435204229, 0.8023750885219338, 0.8105729091261921, 0.8184742168381847, 0.8260945447604181, 0.8334485775345901, 0.840550183307523, 0.8474124470315592, 0.8540477045611506, 0.8604675771420217, 0.8666830059773438, 0.8727042866321024, 0.8785411030808078, 0.8842025612570739, 0.8896972219712331, 0.8950331330890148, 0.9002178608818088, 0.9052585204515141, 0.9101618051576159, 0.9149340149608101, 0.9195810836214098, 0.9241086046853968, 0.9285218562040183, 0.9328258241423701, 0.9370252244445645, 0.9411245237292492, 0.9451279586037075, 0.9490395536064287, 0.9528631377808082, 0.9566023599174844, 0.9602607024915473, 0.9638414943486465, 0.9673479221905201, 0.9707830409237405, 0.9741497829392719, 0.9774509663924844, 0.9806893025603466, 0.9838674023484879, 0.9869877820226053, 0.9900528682421454, 0.993065002462575, 0.9960264447741103, 0.9989393772417237, 1.0018059068123173, 1.0046280678363309, 1.0074078242683295, 1.0101470715957706, 1.0128476385373881, 1.0155112885691635, 1.018139721303787, 1.0207345737692166, 1.0232974216042274, 1.0258297802010299, 1.0283331058136802, 1.030808796648602, 1.0332581939557974, 1.035682583133964]
----------------------
1.0380831948616827;
1.0404612062587866;
1.0428177420765012;
1.0451538759141854;
1.04747063146101;
1.0497689837484396;
1.0520498604260649;
1.054314143060108;
1.0565626684543998;
1.0587962299965212;
1.0610155790178333;
1.0632214261652086;
1.0654144427700751;
1.0675952622208111;
1.0697644813401712;
1.071922661769743;
1.0740703313666276;
1.0762079856006426;
1.0783360889368923;
1.0804550761946319;
1.0825653538689168;
1.0846673014166066;
1.086761272513886;
1.0888475962951334;
1.0909265785749787;
1.0929985030666933;
1.0950636325946017;
1.0971222103095302;
1.0991744608858984;
1.1012205916664721;
1.1032607936792092;
1.1052952424515825;
1.1073240985721584;
1.1093475080281248;
1.1113656024714578;
1.1133784996301672;
1.1153863041162615;
1.1173891087626362;
1.11938699641786;
1.1213800418740811;
1.1233683134562018;
1.1253518738643786;
1.1273307802466848;
1.1293050840691508;
1.1312748319242456;
1.13324006853893;
1.1352008425564126;
1.1371572139438417;
1.1391092595638503;
1.1410570713719785;
Date and Time: 2024-09-23T20:54:16.450
Output: Independent boson: T = 1, alpha = 0.2, N_chain = 50, maxdim = 1000, cutoff = -8, tau = 0.008
[0.0, 0.014157363580780125, 0.02490016255159433, 0.03838006078167033, 0.054368059087879506, 0.07260471826618375, 0.09280991681612227, 0.11469251686011574, 0.13795940181389743, 0.16232347138263048, 0.18751031915694263, 0.21326345669265834, 0.23934807091907095, 0.26555339971733316, 0.2916938796319324, 0.3176092604567915, 0.34316389746874565, 0.3682454287041059, 0.39276302768596616, 0.4166453967790862, 0.4398386373897223, 0.4623041039390652, 0.48401632120737004, 0.5049610206187993, 0.5251333309903461, 0.5445361431930862, 0.5631786559102681, 0.5810751006970205, 0.5982436383426826, 0.6147054145732855, 0.630483760881051, 0.6456035252819752, 0.6600905177782168, 0.6739710558275158, 0.6872715961092374, 0.7000184400189791, 0.7122375016224036, 0.7239541280599782, 0.7351929636644328, 0.7459778501882786, 0.7563317566332273, 0.7662767331259979, 0.7758338841472812, 0.7850233571812582, 0.7938643435204229, 0.8023750885219338, 0.8105729091261921, 0.8184742168381847, 0.8260945447604181, 0.8334485775345901, 0.840550183307523, 0.8474124470315592, 0.8540477045611506, 0.8604675771420217, 0.8666830059773438, 0.8727042866321024, 0.8785411030808078, 0.8842025612570739, 0.8896972219712331, 0.8950331330890148, 0.9002178608818088, 0.9052585204515141, 0.9101618051576159, 0.9149340149608101, 0.9195810836214098, 0.9241086046853968, 0.9285218562040183, 0.9328258241423701, 0.9370252244445645, 0.9411245237292492, 0.9451279586037075, 0.9490395536064287, 0.9528631377808082, 0.9566023599174844, 0.9602607024915473, 0.9638414943486465, 0.9673479221905201, 0.9707830409237405, 0.9741497829392719, 0.9774509663924844, 0.9806893025603466, 0.9838674023484879, 0.9869877820226053, 0.9900528682421454, 0.993065002462575, 0.9960264447741103, 0.9989393772417237, 1.0018059068123173, 1.0046280678363309, 1.0074078242683295, 1.0101470715957706, 1.0128476385373881, 1.0155112885691635, 1.018139721303787, 1.0207345737692166, 1.0232974216042274, 1.0258297802010299, 1.0283331058136802, 1.030808796648602, 1.0332581939557974, 1.035682583133964, 1.0380831948616827, 1.0404612062587866, 1.0428177420765012, 1.0451538759141854, 1.04747063146101, 1.0497689837484396, 1.0520498604260649, 1.054314143060108, 1.0565626684543998, 1.0587962299965212, 1.0610155790178333, 1.0632214261652086, 1.0654144427700751, 1.0675952622208111, 1.0697644813401712, 1.071922661769743, 1.0740703313666276, 1.0762079856006426, 1.0783360889368923, 1.0804550761946319, 1.0825653538689168, 1.0846673014166066, 1.086761272513886, 1.0888475962951334, 1.0909265785749787, 1.0929985030666933, 1.0950636325946017, 1.0971222103095302, 1.0991744608858984, 1.1012205916664721, 1.1032607936792092, 1.1052952424515825, 1.1073240985721584, 1.1093475080281248, 1.1113656024714578, 1.1133784996301672, 1.1153863041162615, 1.1173891087626362, 1.11938699641786, 1.1213800418740811, 1.1233683134562018, 1.1253518738643786, 1.1273307802466848, 1.1293050840691508, 1.1312748319242456, 1.13324006853893, 1.1352008425564126, 1.1371572139438417, 1.1391092595638503, 1.1410570713719785]
----------------------
1.143000741253682;
1.1449403289312798;
1.1468758151893395;
1.1488070509655868;
1.1507337212508182;
1.1526553475744092;
1.154571350507859;
1.156481181895466;
1.1583845161300024;
1.1602814649523063;
1.16217275813905;
1.1640598214709976;
1.1659446903583253;
1.1678297251417367;
1.169717139174746;
1.1716084041182346;
1.1735036452919059;
1.175401169528053;
1.1772972681117342;
1.1791864036930575;
1.1810618261411567;
1.1829165791406082;
1.1847447730055989;
1.1865429273647248;
1.1883111456579216;
1.190053882028067;
1.1917801033112008;
1.1935027296909417;
1.1952373455138474;
1.1970002899920398;
1.1988063470437544;
1.200666336046381;
1.2025849464305391;
1.2045591507706799;
1.2065774730049093;
1.2086202881953794;
1.210661201749636;
1.2126694172594905;
1.2146128720136673;
1.2164618148084116;
1.2181924349057391;
1.2197901312120432;
1.2212520386145462;
1.222588499727531;
1.2238232761795076;
1.2249924215543324;
1.2261418737042125;
1.2273239528164308;
1.2285930601971602;
1.230000951134308;
Date and Time: 2024-09-23T20:54:37.269
Output: Independent boson: T = 1, alpha = 0.2, N_chain = 50, maxdim = 1000, cutoff = -8, tau = 0.008
[0.0, 0.014157363580780125, 0.02490016255159433, 0.03838006078167033, 0.054368059087879506, 0.07260471826618375, 0.09280991681612227, 0.11469251686011574, 0.13795940181389743, 0.16232347138263048, 0.18751031915694263, 0.21326345669265834, 0.23934807091907095, 0.26555339971733316, 0.2916938796319324, 0.3176092604567915, 0.34316389746874565, 0.3682454287041059, 0.39276302768596616, 0.4166453967790862, 0.4398386373897223, 0.4623041039390652, 0.48401632120737004, 0.5049610206187993, 0.5251333309903461, 0.5445361431930862, 0.5631786559102681, 0.5810751006970205, 0.5982436383426826, 0.6147054145732855, 0.630483760881051, 0.6456035252819752, 0.6600905177782168, 0.6739710558275158, 0.6872715961092374, 0.7000184400189791, 0.7122375016224036, 0.7239541280599782, 0.7351929636644328, 0.7459778501882786, 0.7563317566332273, 0.7662767331259979, 0.7758338841472812, 0.7850233571812582, 0.7938643435204229, 0.8023750885219338, 0.8105729091261921, 0.8184742168381847, 0.8260945447604181, 0.8334485775345901, 0.840550183307523, 0.8474124470315592, 0.8540477045611506, 0.8604675771420217, 0.8666830059773438, 0.8727042866321024, 0.8785411030808078, 0.8842025612570739, 0.8896972219712331, 0.8950331330890148, 0.9002178608818088, 0.9052585204515141, 0.9101618051576159, 0.9149340149608101, 0.9195810836214098, 0.9241086046853968, 0.9285218562040183, 0.9328258241423701, 0.9370252244445645, 0.9411245237292492, 0.9451279586037075, 0.9490395536064287, 0.9528631377808082, 0.9566023599174844, 0.9602607024915473, 0.9638414943486465, 0.9673479221905201, 0.9707830409237405, 0.9741497829392719, 0.9774509663924844, 0.9806893025603466, 0.9838674023484879, 0.9869877820226053, 0.9900528682421454, 0.993065002462575, 0.9960264447741103, 0.9989393772417237, 1.0018059068123173, 1.0046280678363309, 1.0074078242683295, 1.0101470715957706, 1.0128476385373881, 1.0155112885691635, 1.018139721303787, 1.0207345737692166, 1.0232974216042274, 1.0258297802010299, 1.0283331058136802, 1.030808796648602, 1.0332581939557974, 1.035682583133964, 1.0380831948616827, 1.0404612062587866, 1.0428177420765012, 1.0451538759141854, 1.04747063146101, 1.0497689837484396, 1.0520498604260649, 1.054314143060108, 1.0565626684543998, 1.0587962299965212, 1.0610155790178333, 1.0632214261652086, 1.0654144427700751, 1.0675952622208111, 1.0697644813401712, 1.071922661769743, 1.0740703313666276, 1.0762079856006426, 1.0783360889368923, 1.0804550761946319, 1.0825653538689168, 1.0846673014166066, 1.086761272513886, 1.0888475962951334, 1.0909265785749787, 1.0929985030666933, 1.0950636325946017, 1.0971222103095302, 1.0991744608858984, 1.1012205916664721, 1.1032607936792092, 1.1052952424515825, 1.1073240985721584, 1.1093475080281248, 1.1113656024714578, 1.1133784996301672, 1.1153863041162615, 1.1173891087626362, 1.11938699641786, 1.1213800418740811, 1.1233683134562018, 1.1253518738643786, 1.1273307802466848, 1.1293050840691508, 1.1312748319242456, 1.13324006853893, 1.1352008425564126, 1.1371572139438417, 1.1391092595638503, 1.1410570713719785, 1.143000741253682, 1.1449403289312798, 1.1468758151893395, 1.1488070509655868, 1.1507337212508182, 1.1526553475744092, 1.154571350507859, 1.156481181895466, 1.1583845161300024, 1.1602814649523063, 1.16217275813905, 1.1640598214709976, 1.1659446903583253, 1.1678297251417367, 1.169717139174746, 1.1716084041182346, 1.1735036452919059, 1.175401169528053, 1.1772972681117342, 1.1791864036930575, 1.1810618261411567, 1.1829165791406082, 1.1847447730055989, 1.1865429273647248, 1.1883111456579216, 1.190053882028067, 1.1917801033112008, 1.1935027296909417, 1.1952373455138474, 1.1970002899920398, 1.1988063470437544, 1.200666336046381, 1.2025849464305391, 1.2045591507706799, 1.2065774730049093, 1.2086202881953794, 1.210661201749636, 1.2126694172594905, 1.2146128720136673, 1.2164618148084116, 1.2181924349057391, 1.2197901312120432, 1.2212520386145462, 1.222588499727531, 1.2238232761795076, 1.2249924215543324, 1.2261418737042125, 1.2273239528164308, 1.2285930601971602, 1.230000951134308]
----------------------
1.2315919969336142;
1.2333988539534064;
1.23543892259089;
1.2377119114211792;
1.2401987284588143;
1.242861811874085;
1.2456468965596228;
1.248486100584792;
1.2513021157900408;
1.2540132067635963;
1.256538667189937;
1.2588043549201717;
1.2607479273696782;
1.2623234256375844;
1.2635049055616698;
1.264288882140499;
1.2646954346197987;
1.2647679068963662;
1.2645712256453274;
1.264188941198314;
1.2637191688814886;
1.2632696675830908;
1.2629523350445218;
1.2628774242822187;
1.2631477923266685;
1.2638534819021336;
1.2650669105124805;
1.2668389020500328;
1.269195746416849;
1.2721374157975258;
1.2756370054783945;
1.2796414057744092;
1.2840731529657696;
1.2888333541103039;
1.2938055356362985;
1.298860230423389;
1.3038600936529836;
1.3086653241215964;
1.313139164458587;
1.3171532596526594;
1.3205926671433048;
1.3233603321995058;
1.3253808683963877;
1.3266035139627892;
1.3270041699542776;
1.32658646460048;
1.3253818281734293;
1.3234486021678151;
1.3208702429750907;
1.3177527113300365;
Date and Time: 2024-09-23T20:55:02.959
Output: Independent boson: T = 1, alpha = 0.2, N_chain = 50, maxdim = 1000, cutoff = -8, tau = 0.008
[0.0, 0.014157363580780125, 0.02490016255159433, 0.03838006078167033, 0.054368059087879506, 0.07260471826618375, 0.09280991681612227, 0.11469251686011574, 0.13795940181389743, 0.16232347138263048, 0.18751031915694263, 0.21326345669265834, 0.23934807091907095, 0.26555339971733316, 0.2916938796319324, 0.3176092604567915, 0.34316389746874565, 0.3682454287041059, 0.39276302768596616, 0.4166453967790862, 0.4398386373897223, 0.4623041039390652, 0.48401632120737004, 0.5049610206187993, 0.5251333309903461, 0.5445361431930862, 0.5631786559102681, 0.5810751006970205, 0.5982436383426826, 0.6147054145732855, 0.630483760881051, 0.6456035252819752, 0.6600905177782168, 0.6739710558275158, 0.6872715961092374, 0.7000184400189791, 0.7122375016224036, 0.7239541280599782, 0.7351929636644328, 0.7459778501882786, 0.7563317566332273, 0.7662767331259979, 0.7758338841472812, 0.7850233571812582, 0.7938643435204229, 0.8023750885219338, 0.8105729091261921, 0.8184742168381847, 0.8260945447604181, 0.8334485775345901, 0.840550183307523, 0.8474124470315592, 0.8540477045611506, 0.8604675771420217, 0.8666830059773438, 0.8727042866321024, 0.8785411030808078, 0.8842025612570739, 0.8896972219712331, 0.8950331330890148, 0.9002178608818088, 0.9052585204515141, 0.9101618051576159, 0.9149340149608101, 0.9195810836214098, 0.9241086046853968, 0.9285218562040183, 0.9328258241423701, 0.9370252244445645, 0.9411245237292492, 0.9451279586037075, 0.9490395536064287, 0.9528631377808082, 0.9566023599174844, 0.9602607024915473, 0.9638414943486465, 0.9673479221905201, 0.9707830409237405, 0.9741497829392719, 0.9774509663924844, 0.9806893025603466, 0.9838674023484879, 0.9869877820226053, 0.9900528682421454, 0.993065002462575, 0.9960264447741103, 0.9989393772417237, 1.0018059068123173, 1.0046280678363309, 1.0074078242683295, 1.0101470715957706, 1.0128476385373881, 1.0155112885691635, 1.018139721303787, 1.0207345737692166, 1.0232974216042274, 1.0258297802010299, 1.0283331058136802, 1.030808796648602, 1.0332581939557974, 1.035682583133964, 1.0380831948616827, 1.0404612062587866, 1.0428177420765012, 1.0451538759141854, 1.04747063146101, 1.0497689837484396, 1.0520498604260649, 1.054314143060108, 1.0565626684543998, 1.0587962299965212, 1.0610155790178333, 1.0632214261652086, 1.0654144427700751, 1.0675952622208111, 1.0697644813401712, 1.071922661769743, 1.0740703313666276, 1.0762079856006426, 1.0783360889368923, 1.0804550761946319, 1.0825653538689168, 1.0846673014166066, 1.086761272513886, 1.0888475962951334, 1.0909265785749787, 1.0929985030666933, 1.0950636325946017, 1.0971222103095302, 1.0991744608858984, 1.1012205916664721, 1.1032607936792092, 1.1052952424515825, 1.1073240985721584, 1.1093475080281248, 1.1113656024714578, 1.1133784996301672, 1.1153863041162615, 1.1173891087626362, 1.11938699641786, 1.1213800418740811, 1.1233683134562018, 1.1253518738643786, 1.1273307802466848, 1.1293050840691508, 1.1312748319242456, 1.13324006853893, 1.1352008425564126, 1.1371572139438417, 1.1391092595638503, 1.1410570713719785, 1.143000741253682, 1.1449403289312798, 1.1468758151893395, 1.1488070509655868, 1.1507337212508182, 1.1526553475744092, 1.154571350507859, 1.156481181895466, 1.1583845161300024, 1.1602814649523063, 1.16217275813905, 1.1640598214709976, 1.1659446903583253, 1.1678297251417367, 1.169717139174746, 1.1716084041182346, 1.1735036452919059, 1.175401169528053, 1.1772972681117342, 1.1791864036930575, 1.1810618261411567, 1.1829165791406082, 1.1847447730055989, 1.1865429273647248, 1.1883111456579216, 1.190053882028067, 1.1917801033112008, 1.1935027296909417, 1.1952373455138474, 1.1970002899920398, 1.1988063470437544, 1.200666336046381, 1.2025849464305391, 1.2045591507706799, 1.2065774730049093, 1.2086202881953794, 1.210661201749636, 1.2126694172594905, 1.2146128720136673, 1.2164618148084116, 1.2181924349057391, 1.2197901312120432, 1.2212520386145462, 1.222588499727531, 1.2238232761795076, 1.2249924215543324, 1.2261418737042125, 1.2273239528164308, 1.2285930601971602, 1.230000951134308, 1.2315919969336142, 1.2333988539534064, 1.23543892259089, 1.2377119114211792, 1.2401987284588143, 1.242861811874085, 1.2456468965596228, 1.248486100584792, 1.2513021157900408, 1.2540132067635963, 1.256538667189937, 1.2588043549201717, 1.2607479273696782, 1.2623234256375844, 1.2635049055616698, 1.264288882140499, 1.2646954346197987, 1.2647679068963662, 1.2645712256453274, 1.264188941198314, 1.2637191688814886, 1.2632696675830908, 1.2629523350445218, 1.2628774242822187, 1.2631477923266685, 1.2638534819021336, 1.2650669105124805, 1.2668389020500328, 1.269195746416849, 1.2721374157975258, 1.2756370054783945, 1.2796414057744092, 1.2840731529657696, 1.2888333541103039, 1.2938055356362985, 1.298860230423389, 1.3038600936529836, 1.3086653241215964, 1.313139164458587, 1.3171532596526594, 1.3205926671433048, 1.3233603321995058, 1.3253808683963877, 1.3266035139627892, 1.3270041699542776, 1.32658646460048, 1.3253818281734293, 1.3234486021678151, 1.3208702429750907, 1.3177527113300365]
----------------------
1.3142211631106475;
1.3104160740426367;
1.3064889410283558;
1.302597707274009;
1.2989020584387956;
1.2955587336205376;
1.2927169885382026;
1.2905143387836733;
1.2890726982786511;
1.2884950123345342;
1.288862466454929;
1.2902323322485871;
1.292636491464818;
1.2960806589003948;
1.3005443051450085;
1.3059812609339079;
1.3123209666248052;
1.3194703134958616;
1.3273160090215488;
1.3357273867562762;
1.3445595733940243;
1.3536569209474223;
1.362856610465843;
1.371992334737417;
1.380897970617103;
1.3894300056594773;
1.3974178224347555;
1.4047144160362373;
1.4111881394299437;
1.4167238168121268;
1.4212247088641956;
1.4246141861241801;
1.4268369079066348;
1.4278593734013736;
1.427669588647319;
1.4262755090096904;
1.4237023537553875;
1.4199902830796034;
1.4151949546710116;
1.409391428210078;
1.402678190501749;
1.395177913002015;
1.387034844809375;
1.3784107933050085;
1.3694810801362078;
1.360430588351204;
1.351449293853703;
1.342726581247209;
1.3344440782954416;
1.3267676624973146;
Date and Time: 2024-09-23T20:58:34.152
Output: Independent boson: T = 1, alpha = 0.2, N_chain = 50, maxdim = 1000, cutoff = -8, tau = 0.008
[0.0, 0.014157363580780125, 0.02490016255159433, 0.03838006078167033, 0.054368059087879506, 0.07260471826618375, 0.09280991681612227, 0.11469251686011574, 0.13795940181389743, 0.16232347138263048, 0.18751031915694263, 0.21326345669265834, 0.23934807091907095, 0.26555339971733316, 0.2916938796319324, 0.3176092604567915, 0.34316389746874565, 0.3682454287041059, 0.39276302768596616, 0.4166453967790862, 0.4398386373897223, 0.4623041039390652, 0.48401632120737004, 0.5049610206187993, 0.5251333309903461, 0.5445361431930862, 0.5631786559102681, 0.5810751006970205, 0.5982436383426826, 0.6147054145732855, 0.630483760881051, 0.6456035252819752, 0.6600905177782168, 0.6739710558275158, 0.6872715961092374, 0.7000184400189791, 0.7122375016224036, 0.7239541280599782, 0.7351929636644328, 0.7459778501882786, 0.7563317566332273, 0.7662767331259979, 0.7758338841472812, 0.7850233571812582, 0.7938643435204229, 0.8023750885219338, 0.8105729091261921, 0.8184742168381847, 0.8260945447604181, 0.8334485775345901, 0.840550183307523, 0.8474124470315592, 0.8540477045611506, 0.8604675771420217, 0.8666830059773438, 0.8727042866321024, 0.8785411030808078, 0.8842025612570739, 0.8896972219712331, 0.8950331330890148, 0.9002178608818088, 0.9052585204515141, 0.9101618051576159, 0.9149340149608101, 0.9195810836214098, 0.9241086046853968, 0.9285218562040183, 0.9328258241423701, 0.9370252244445645, 0.9411245237292492, 0.9451279586037075, 0.9490395536064287, 0.9528631377808082, 0.9566023599174844, 0.9602607024915473, 0.9638414943486465, 0.9673479221905201, 0.9707830409237405, 0.9741497829392719, 0.9774509663924844, 0.9806893025603466, 0.9838674023484879, 0.9869877820226053, 0.9900528682421454, 0.993065002462575, 0.9960264447741103, 0.9989393772417237, 1.0018059068123173, 1.0046280678363309, 1.0074078242683295, 1.0101470715957706, 1.0128476385373881, 1.0155112885691635, 1.018139721303787, 1.0207345737692166, 1.0232974216042274, 1.0258297802010299, 1.0283331058136802, 1.030808796648602, 1.0332581939557974, 1.035682583133964, 1.0380831948616827, 1.0404612062587866, 1.0428177420765012, 1.0451538759141854, 1.04747063146101, 1.0497689837484396, 1.0520498604260649, 1.054314143060108, 1.0565626684543998, 1.0587962299965212, 1.0610155790178333, 1.0632214261652086, 1.0654144427700751, 1.0675952622208111, 1.0697644813401712, 1.071922661769743, 1.0740703313666276, 1.0762079856006426, 1.0783360889368923, 1.0804550761946319, 1.0825653538689168, 1.0846673014166066, 1.086761272513886, 1.0888475962951334, 1.0909265785749787, 1.0929985030666933, 1.0950636325946017, 1.0971222103095302, 1.0991744608858984, 1.1012205916664721, 1.1032607936792092, 1.1052952424515825, 1.1073240985721584, 1.1093475080281248, 1.1113656024714578, 1.1133784996301672, 1.1153863041162615, 1.1173891087626362, 1.11938699641786, 1.1213800418740811, 1.1233683134562018, 1.1253518738643786, 1.1273307802466848, 1.1293050840691508, 1.1312748319242456, 1.13324006853893, 1.1352008425564126, 1.1371572139438417, 1.1391092595638503, 1.1410570713719785, 1.143000741253682, 1.1449403289312798, 1.1468758151893395, 1.1488070509655868, 1.1507337212508182, 1.1526553475744092, 1.154571350507859, 1.156481181895466, 1.1583845161300024, 1.1602814649523063, 1.16217275813905, 1.1640598214709976, 1.1659446903583253, 1.1678297251417367, 1.169717139174746, 1.1716084041182346, 1.1735036452919059, 1.175401169528053, 1.1772972681117342, 1.1791864036930575, 1.1810618261411567, 1.1829165791406082, 1.1847447730055989, 1.1865429273647248, 1.1883111456579216, 1.190053882028067, 1.1917801033112008, 1.1935027296909417, 1.1952373455138474, 1.1970002899920398, 1.1988063470437544, 1.200666336046381, 1.2025849464305391, 1.2045591507706799, 1.2065774730049093, 1.2086202881953794, 1.210661201749636, 1.2126694172594905, 1.2146128720136673, 1.2164618148084116, 1.2181924349057391, 1.2197901312120432, 1.2212520386145462, 1.222588499727531, 1.2238232761795076, 1.2249924215543324, 1.2261418737042125, 1.2273239528164308, 1.2285930601971602, 1.230000951134308, 1.2315919969336142, 1.2333988539534064, 1.23543892259089, 1.2377119114211792, 1.2401987284588143, 1.242861811874085, 1.2456468965596228, 1.248486100584792, 1.2513021157900408, 1.2540132067635963, 1.256538667189937, 1.2588043549201717, 1.2607479273696782, 1.2623234256375844, 1.2635049055616698, 1.264288882140499, 1.2646954346197987, 1.2647679068963662, 1.2645712256453274, 1.264188941198314, 1.2637191688814886, 1.2632696675830908, 1.2629523350445218, 1.2628774242822187, 1.2631477923266685, 1.2638534819021336, 1.2650669105124805, 1.2668389020500328, 1.269195746416849, 1.2721374157975258, 1.2756370054783945, 1.2796414057744092, 1.2840731529657696, 1.2888333541103039, 1.2938055356362985, 1.298860230423389, 1.3038600936529836, 1.3086653241215964, 1.313139164458587, 1.3171532596526594, 1.3205926671433048, 1.3233603321995058, 1.3253808683963877, 1.3266035139627892, 1.3270041699542776, 1.32658646460048, 1.3253818281734293, 1.3234486021678151, 1.3208702429750907, 1.3177527113300365, 1.3142211631106475, 1.3104160740426367, 1.3064889410283558, 1.302597707274009, 1.2989020584387956, 1.2955587336205376, 1.2927169885382026, 1.2905143387836733, 1.2890726982786511, 1.2884950123345342, 1.288862466454929, 1.2902323322485871, 1.292636491464818, 1.2960806589003948, 1.3005443051450085, 1.3059812609339079, 1.3123209666248052, 1.3194703134958616, 1.3273160090215488, 1.3357273867562762, 1.3445595733940243, 1.3536569209474223, 1.362856610465843, 1.371992334737417, 1.380897970617103, 1.3894300056594773, 1.3974178224347555, 1.4047144160362373, 1.4111881394299437, 1.4167238168121268, 1.4212247088641956, 1.4246141861241801, 1.4268369079066348, 1.4278593734013736, 1.427669588647319, 1.4262755090096904, 1.4237023537553875, 1.4199902830796034, 1.4151949546710116, 1.409391428210078, 1.402678190501749, 1.395177913002015, 1.387034844809375, 1.3784107933050085, 1.3694810801362078, 1.360430588351204, 1.351449293853703, 1.342726581247209, 1.3344440782954416, 1.3267676624973146]
----------------------
1.31984037356666;
1.3137783377254308;
1.3086705998562125;
1.30458161052102;
1.3015546437523948;
1.2996170586290714;
1.2987903434769867;
1.2991034847312635;
1.300600262392095;
1.3033320467370153;
1.3073400330724219;
1.3126393095745124;
1.3192122177420205;
1.3270093267984924;
1.3359531655642074;
1.3459418344086145;
1.3568522166051205;
1.3685439002173936;
1.3808652042466232;
1.393662065012124;
1.4067889865050558;
1.4201191762407386;
1.433549712830896;
1.4469989603110318;
1.4603975718233293;
1.4736780822233257;
1.486767789927122;
1.4995861572717641;
1.5120450116601485;
1.5240112584727854;
1.5350756290188303;
1.5453249456322558;
1.5547583534932534;
1.5632499470329506;
1.570685630932931;
1.576967807016309;
1.581838910386226;
1.5855227507737428;
1.5878299863939875;
1.5887097948122029;
1.5881795281411666;
1.5862939148099553;
1.5831220051342454;
1.5787162564402064;
1.5730999481659238;
1.5662808512951545;
1.5582783575661485;
1.5491468040919798;
1.5389831849948894;
1.527917961519073;
Date and Time: 2024-09-23T21:01:34.510
Output: Independent boson: T = 1, alpha = 0.2, N_chain = 50, maxdim = 1000, cutoff = -8, tau = 0.008
[0.0, 0.014157363580780125, 0.02490016255159433, 0.03838006078167033, 0.054368059087879506, 0.07260471826618375, 0.09280991681612227, 0.11469251686011574, 0.13795940181389743, 0.16232347138263048, 0.18751031915694263, 0.21326345669265834, 0.23934807091907095, 0.26555339971733316, 0.2916938796319324, 0.3176092604567915, 0.34316389746874565, 0.3682454287041059, 0.39276302768596616, 0.4166453967790862, 0.4398386373897223, 0.4623041039390652, 0.48401632120737004, 0.5049610206187993, 0.5251333309903461, 0.5445361431930862, 0.5631786559102681, 0.5810751006970205, 0.5982436383426826, 0.6147054145732855, 0.630483760881051, 0.6456035252819752, 0.6600905177782168, 0.6739710558275158, 0.6872715961092374, 0.7000184400189791, 0.7122375016224036, 0.7239541280599782, 0.7351929636644328, 0.7459778501882786, 0.7563317566332273, 0.7662767331259979, 0.7758338841472812, 0.7850233571812582, 0.7938643435204229, 0.8023750885219338, 0.8105729091261921, 0.8184742168381847, 0.8260945447604181, 0.8334485775345901, 0.840550183307523, 0.8474124470315592, 0.8540477045611506, 0.8604675771420217, 0.8666830059773438, 0.8727042866321024, 0.8785411030808078, 0.8842025612570739, 0.8896972219712331, 0.8950331330890148, 0.9002178608818088, 0.9052585204515141, 0.9101618051576159, 0.9149340149608101, 0.9195810836214098, 0.9241086046853968, 0.9285218562040183, 0.9328258241423701, 0.9370252244445645, 0.9411245237292492, 0.9451279586037075, 0.9490395536064287, 0.9528631377808082, 0.9566023599174844, 0.9602607024915473, 0.9638414943486465, 0.9673479221905201, 0.9707830409237405, 0.9741497829392719, 0.9774509663924844, 0.9806893025603466, 0.9838674023484879, 0.9869877820226053, 0.9900528682421454, 0.993065002462575, 0.9960264447741103, 0.9989393772417237, 1.0018059068123173, 1.0046280678363309, 1.0074078242683295, 1.0101470715957706, 1.0128476385373881, 1.0155112885691635, 1.018139721303787, 1.0207345737692166, 1.0232974216042274, 1.0258297802010299, 1.0283331058136802, 1.030808796648602, 1.0332581939557974, 1.035682583133964, 1.0380831948616827, 1.0404612062587866, 1.0428177420765012, 1.0451538759141854, 1.04747063146101, 1.0497689837484396, 1.0520498604260649, 1.054314143060108, 1.0565626684543998, 1.0587962299965212, 1.0610155790178333, 1.0632214261652086, 1.0654144427700751, 1.0675952622208111, 1.0697644813401712, 1.071922661769743, 1.0740703313666276, 1.0762079856006426, 1.0783360889368923, 1.0804550761946319, 1.0825653538689168, 1.0846673014166066, 1.086761272513886, 1.0888475962951334, 1.0909265785749787, 1.0929985030666933, 1.0950636325946017, 1.0971222103095302, 1.0991744608858984, 1.1012205916664721, 1.1032607936792092, 1.1052952424515825, 1.1073240985721584, 1.1093475080281248, 1.1113656024714578, 1.1133784996301672, 1.1153863041162615, 1.1173891087626362, 1.11938699641786, 1.1213800418740811, 1.1233683134562018, 1.1253518738643786, 1.1273307802466848, 1.1293050840691508, 1.1312748319242456, 1.13324006853893, 1.1352008425564126, 1.1371572139438417, 1.1391092595638503, 1.1410570713719785, 1.143000741253682, 1.1449403289312798, 1.1468758151893395, 1.1488070509655868, 1.1507337212508182, 1.1526553475744092, 1.154571350507859, 1.156481181895466, 1.1583845161300024, 1.1602814649523063, 1.16217275813905, 1.1640598214709976, 1.1659446903583253, 1.1678297251417367, 1.169717139174746, 1.1716084041182346, 1.1735036452919059, 1.175401169528053, 1.1772972681117342, 1.1791864036930575, 1.1810618261411567, 1.1829165791406082, 1.1847447730055989, 1.1865429273647248, 1.1883111456579216, 1.190053882028067, 1.1917801033112008, 1.1935027296909417, 1.1952373455138474, 1.1970002899920398, 1.1988063470437544, 1.200666336046381, 1.2025849464305391, 1.2045591507706799, 1.2065774730049093, 1.2086202881953794, 1.210661201749636, 1.2126694172594905, 1.2146128720136673, 1.2164618148084116, 1.2181924349057391, 1.2197901312120432, 1.2212520386145462, 1.222588499727531, 1.2238232761795076, 1.2249924215543324, 1.2261418737042125, 1.2273239528164308, 1.2285930601971602, 1.230000951134308, 1.2315919969336142, 1.2333988539534064, 1.23543892259089, 1.2377119114211792, 1.2401987284588143, 1.242861811874085, 1.2456468965596228, 1.248486100584792, 1.2513021157900408, 1.2540132067635963, 1.256538667189937, 1.2588043549201717, 1.2607479273696782, 1.2623234256375844, 1.2635049055616698, 1.264288882140499, 1.2646954346197987, 1.2647679068963662, 1.2645712256453274, 1.264188941198314, 1.2637191688814886, 1.2632696675830908, 1.2629523350445218, 1.2628774242822187, 1.2631477923266685, 1.2638534819021336, 1.2650669105124805, 1.2668389020500328, 1.269195746416849, 1.2721374157975258, 1.2756370054783945, 1.2796414057744092, 1.2840731529657696, 1.2888333541103039, 1.2938055356362985, 1.298860230423389, 1.3038600936529836, 1.3086653241215964, 1.313139164458587, 1.3171532596526594, 1.3205926671433048, 1.3233603321995058, 1.3253808683963877, 1.3266035139627892, 1.3270041699542776, 1.32658646460048, 1.3253818281734293, 1.3234486021678151, 1.3208702429750907, 1.3177527113300365, 1.3142211631106475, 1.3104160740426367, 1.3064889410283558, 1.302597707274009, 1.2989020584387956, 1.2955587336205376, 1.2927169885382026, 1.2905143387836733, 1.2890726982786511, 1.2884950123345342, 1.288862466454929, 1.2902323322485871, 1.292636491464818, 1.2960806589003948, 1.3005443051450085, 1.3059812609339079, 1.3123209666248052, 1.3194703134958616, 1.3273160090215488, 1.3357273867562762, 1.3445595733940243, 1.3536569209474223, 1.362856610465843, 1.371992334737417, 1.380897970617103, 1.3894300056594773, 1.3974178224347555, 1.4047144160362373, 1.4111881394299437, 1.4167238168121268, 1.4212247088641956, 1.4246141861241801, 1.4268369079066348, 1.4278593734013736, 1.427669588647319, 1.4262755090096904, 1.4237023537553875, 1.4199902830796034, 1.4151949546710116, 1.409391428210078, 1.402678190501749, 1.395177913002015, 1.387034844809375, 1.3784107933050085, 1.3694810801362078, 1.360430588351204, 1.351449293853703, 1.342726581247209, 1.3344440782954416, 1.3267676624973146, 1.31984037356666, 1.3137783377254308, 1.3086705998562125, 1.30458161052102, 1.3015546437523948, 1.2996170586290714, 1.2987903434769867, 1.2991034847312635, 1.300600262392095, 1.3033320467370153, 1.3073400330724219, 1.3126393095745124, 1.3192122177420205, 1.3270093267984924, 1.3359531655642074, 1.3459418344086145, 1.3568522166051205, 1.3685439002173936, 1.3808652042466232, 1.393662065012124, 1.4067889865050558, 1.4201191762407386, 1.433549712830896, 1.4469989603110318, 1.4603975718233293, 1.4736780822233257, 1.486767789927122, 1.4995861572717641, 1.5120450116601485, 1.5240112584727854, 1.5350756290188303, 1.5453249456322558, 1.5547583534932534, 1.5632499470329506, 1.570685630932931, 1.576967807016309, 1.581838910386226, 1.5855227507737428, 1.5878299863939875, 1.5887097948122029, 1.5881795281411666, 1.5862939148099553, 1.5831220051342454, 1.5787162564402064, 1.5730999481659238, 1.5662808512951545, 1.5582783575661485, 1.5491468040919798, 1.5389831849948894, 1.527917961519073]
----------------------
----------------------
:::::::::::::::::::::::::::::::::::::::::::::::::::::::::::::::::::::::::::::::
                                     Date and Time: 2024-09-23T21:02:40.209
:::::::::::::::::::::::::::::::::::::::::::::::::::::::::::::::::::::::::::::::
Independent boson: T = 1, alpha = 0.2, N_chain = 80, maxdim = 1000, cutoff = -8, tau = 0.008;
0.001592664355021256;
0.006340994133705036;
0.014157363580585836;
0.0249001625512002;
0.03838006078144621;
0.054368059087861464;
0.07260471826617543;
0.09280991681555606;
0.11469251685953252;
0.1379594018131619;
0.16232347138224745;
0.1875103191566696;
0.2132634566920033;
0.23934807091877952;
0.26555339971729497;
0.2916938796317603;
0.31760926045676374;
0.34316389746907316;
0.36824542870455834;
0.39276302768667115;
0.41664539677945256;
0.43983863738987633;
0.46230410393980903;
0.4840163212073423;
0.5049610206190991;
0.5251333309903128;
0.5445361431928253;
0.563178655910157;
0.5810751006969761;
0.5982436383422413;
0.6147054145732689;
0.6304837608807345;
0.6456035252817127;
0.6600905177777672;
0.673971055827019;
0.6872715961083908;
0.7000184400187459;
0.7122375016218409;
0.7239541280598671;
0.7351929636645271;
0.7459778501883452;
0.756331756633255;
0.7662767331264475;
0.7758338841475754;
0.7850233571821297;
0.7938643435206616;
0.8023750885222836;
0.8105729091262004;
0.8184742168383663;
0.8260945447602308;
Date and Time: 2024-09-23T21:03:09.963
Output: Independent boson: T = 1, alpha = 0.2, N_chain = 80, maxdim = 1000, cutoff = -8, tau = 0.008
[0.0, 0.001592664355021256, 0.006340994133705036, 0.014157363580585836, 0.0249001625512002, 0.03838006078144621, 0.054368059087861464, 0.07260471826617543, 0.09280991681555606, 0.11469251685953252, 0.1379594018131619, 0.16232347138224745, 0.1875103191566696, 0.2132634566920033, 0.23934807091877952, 0.26555339971729497, 0.2916938796317603, 0.31760926045676374, 0.34316389746907316, 0.36824542870455834, 0.39276302768667115, 0.41664539677945256, 0.43983863738987633, 0.46230410393980903, 0.4840163212073423, 0.5049610206190991, 0.5251333309903128, 0.5445361431928253, 0.563178655910157, 0.5810751006969761, 0.5982436383422413, 0.6147054145732689, 0.6304837608807345, 0.6456035252817127, 0.6600905177777672, 0.673971055827019, 0.6872715961083908, 0.7000184400187459, 0.7122375016218409, 0.7239541280598671, 0.7351929636645271, 0.7459778501883452, 0.756331756633255, 0.7662767331264475, 0.7758338841475754, 0.7850233571821297, 0.7938643435206616, 0.8023750885222836, 0.8105729091262004, 0.8184742168383663, 0.8260945447602308]
----------------------
0.8334485775343903;
0.8405501833076284;
0.8474124470314037;
0.8540477045609673;
0.8604675771415882;
0.8666830059771258;
0.8727042866316009;
0.8785411030804935;
0.8842025612568583;
0.8896972219708033;
0.8950331330886019;
0.9002178608811917;
0.9052585204508912;
0.0015926643549379893;
149340149602891;
0.006340994133396949;
0.014157363580977874;
0.024900162551667854;
0.03838006078181183;
