----------------------
:::::::::::::::::::::::::::::::::::::::::::::::::::::::::::::::::::::::::::::::
                                     Date and Time: 2024-11-26T20:58:33.788
:::::::::::::::::::::::::::::::::::::::::::::::::::::::::::::::::::::::::::::::
independent boson: T = 0.1, alpha = 0.25, N_chain = 160, maxdim = 200, cutoff = -11, tau = 0.002, u = 0.01, boson_dim = 11;
0.012152106191292693;
0.04730151091575402;
0.1016536805096602;
0.17024352565950165;
0.24670708157263416;
0.32711850089464234;
0.4068898613111817;
0.4832588914677387;
0.5548739856948249;
0.6209313868779953;
0.6810812855945875;
0.7354765538120919;
0.7843376083873407;
0.8280976347455024;
0.867214238181796;
0.9021973518975658;
0.9335128232930076;
0.9616910071860235;
0.9870564314337301;
1.0099520408011635;
1.0306603224042377;
1.0494669401464325;
1.0665513870796486;
1.0821229111524215;
1.0963489516023401;
1.1093790665695986;
1.1214892790610897;
1.1326756379144618;
1.143056764922204;
1.1526942344071702;
1.1616382644308474;
1.1699524662350038;
1.1777746272444658;
1.1850371966583861;
1.1918284509850372;
1.1982616979052967;
1.204361228542452;
1.210097627531134;
1.2155124717378232;
1.2206523400597282;
1.2256707928777322;
1.2304107661907053;
1.2349057052791985;
1.2392652666420894;
1.2433990451540302;
1.247340908517699;
1.2511115893734497;
1.2547322035295856;
1.258219849528392;
1.261587210567312;
1.2648477675484504;
1.2680040754107034;
1.2710612849220388;
1.274020462516692;
1.2768833621976015;
1.279651031601972;
1.2823271224544148;
1.2849168364100167;
1.2874297960844534;
1.2898701573165288;
1.2922494438995233;
1.294573805437825;
1.2968483046067731;
1.2990387441175177;
1.3011591016988813;
1.3032508149066588;
1.305301264795741;
1.307304733801792;
1.3092600165581307;
1.3111699751167767;
Date and Time: 2024-11-27T03:13:39.775
Output: independent boson: T = 0.1, alpha = 0.25, N_chain = 160, maxdim = 200, cutoff = -11, tau = 0.002, u = 0.01, boson_dim = 11
[0.0, 0.012152106191292693, 0.04730151091575402, 0.1016536805096602, 0.17024352565950165, 0.24670708157263416, 0.32711850089464234, 0.4068898613111817, 0.4832588914677387, 0.5548739856948249, 0.6209313868779953, 0.6810812855945875, 0.7354765538120919, 0.7843376083873407, 0.8280976347455024, 0.867214238181796, 0.9021973518975658, 0.9335128232930076, 0.9616910071860235, 0.9870564314337301, 1.0099520408011635, 1.0306603224042377, 1.0494669401464325, 1.0665513870796486, 1.0821229111524215, 1.0963489516023401, 1.1093790665695986, 1.1214892790610897, 1.1326756379144618, 1.143056764922204, 1.1526942344071702, 1.1616382644308474, 1.1699524662350038, 1.1777746272444658, 1.1850371966583861, 1.1918284509850372, 1.1982616979052967, 1.204361228542452, 1.210097627531134, 1.2155124717378232, 1.2206523400597282, 1.2256707928777322, 1.2304107661907053, 1.2349057052791985, 1.2392652666420894, 1.2433990451540302, 1.247340908517699, 1.2511115893734497, 1.2547322035295856, 1.258219849528392, 1.261587210567312, 1.2648477675484504, 1.2680040754107034, 1.2710612849220388, 1.274020462516692, 1.2768833621976015, 1.279651031601972, 1.2823271224544148, 1.2849168364100167, 1.2874297960844534, 1.2898701573165288, 1.2922494438995233, 1.294573805437825, 1.2968483046067731, 1.2990387441175177, 1.3011591016988813, 1.3032508149066588, 1.305301264795741, 1.307304733801792, 1.3092600165581307, 1.3111699751167767]
----------------------
