----------------------
:::::::::::::::::::::::::::::::::::::::::::::::::::::::::::::::::::::::::::::::
                                     Date and Time: 2024-11-25T21:23:51.207
:::::::::::::::::::::::::::::::::::::::::::::::::::::::::::::::::::::::::::::::
independent boson: T = 0.1, alpha = 0.5, N_chain = 160, maxdim = 200, cutoff = -11, tau = 0.002, u = 0.005, boson_dim = 11;
0.024466749688153988;
0.09555253851871752;
0.20500971482632774;
0.34273952448447825;
0.49715656024986365;
0.657996398502969;
0.8176927994838703;
0.9704944859228972;
1.1133439355639254;
1.2446143878692078;
1.3636660084147194;
1.4706743604533306;
1.5663140181582313;
1.6514919895120574;
1.7272349629271395;
1.7946545597103365;
1.8547726635280228;
1.9082966164851725;
1.9561300224757139;
1.9989177031037686;
2.0373350229850016;
2.0720370556151555;
2.1032705976393467;
2.1315581221411293;
2.1571365328331393;
2.180373730222501;
2.2015699058764757;
2.22101671808461;
2.23870318478782;
2.254954019992241;
2.269818758464505;
2.283459231489343;
2.2960795674929733;
2.307816589897812;
2.3186733585261092;
2.3286954561336213;
2.3379718925965296;
2.3465855195369305;
2.354656820179843;
2.362131808690629;
2.3692663035069925;
2.375982882311778;
2.3822852229335547;
2.3882166253157906;
2.3937976873363755;
2.399052541205893;
2.404002163018495;
2.4087173064126812;
2.4131111441075084;
2.4173914811649095;
2.421474585636393;
2.425343800488484;
2.429016870453073;
2.4324599627189665;
2.435708932073047;
2.43882562856858;
2.441760765034304;
2.4445433012896203;
2.4472897125763287;
2.4497969885057773;
2.4522404292131528;
2.4545964413174697;
2.4569217337131204;
2.459212818350697;
2.461278631705384;
2.463335591298739;
2.46532714316898;
2.4671444261164583;
2.4689401781845954;
2.47059164120456;
Date and Time: 2024-11-26T03:31:41.817
Output: independent boson: T = 0.1, alpha = 0.5, N_chain = 160, maxdim = 200, cutoff = -11, tau = 0.002, u = 0.005, boson_dim = 11
[0.0, 0.024466749688153988, 0.09555253851871752, 0.20500971482632774, 0.34273952448447825, 0.49715656024986365, 0.657996398502969, 0.8176927994838703, 0.9704944859228972, 1.1133439355639254, 1.2446143878692078, 1.3636660084147194, 1.4706743604533306, 1.5663140181582313, 1.6514919895120574, 1.7272349629271395, 1.7946545597103365, 1.8547726635280228, 1.9082966164851725, 1.9561300224757139, 1.9989177031037686, 2.0373350229850016, 2.0720370556151555, 2.1032705976393467, 2.1315581221411293, 2.1571365328331393, 2.180373730222501, 2.2015699058764757, 2.22101671808461, 2.23870318478782, 2.254954019992241, 2.269818758464505, 2.283459231489343, 2.2960795674929733, 2.307816589897812, 2.3186733585261092, 2.3286954561336213, 2.3379718925965296, 2.3465855195369305, 2.354656820179843, 2.362131808690629, 2.3692663035069925, 2.375982882311778, 2.3822852229335547, 2.3882166253157906, 2.3937976873363755, 2.399052541205893, 2.404002163018495, 2.4087173064126812, 2.4131111441075084, 2.4173914811649095, 2.421474585636393, 2.425343800488484, 2.429016870453073, 2.4324599627189665, 2.435708932073047, 2.43882562856858, 2.441760765034304, 2.4445433012896203, 2.4472897125763287, 2.4497969885057773, 2.4522404292131528, 2.4545964413174697, 2.4569217337131204, 2.459212818350697, 2.461278631705384, 2.463335591298739, 2.46532714316898, 2.4671444261164583, 2.4689401781845954, 2.47059164120456]
----------------------
