----------------------
:::::::::::::::::::::::::::::::::::::::::::::::::::::::::::::::::::::::::::::::
                                     Date and Time: 2025-02-03T20:24:56.405
:::::::::::::::::::::::::::::::::::::::::::::::::::::::::::::::::::::::::::::::
local boson: T = 0.1, alpha = 0.1, N_chain = 140, maxdim = 80, cutoff = -12, tau = 0.005, jump = 5, omega_C = 5, boson_dim = 13;
0.5000000000000049;
0.49999375000884616;
0.4997750114096665;
0.499243894845025;
0.49840067919015835;
0.49724583162181174;
0.49578002554877576;
0.4940041558316804;
0.4919193450078589;
0.489526939261012;
0.48682850050759024;
0.48382579919205215;
0.48052080751317144;
0.4769156934979441;
0.47301281608394313;
0.4688147209336683;
0.46432413701464853;
0.4595439738604841;
0.4544773185232597;
0.4491274323671829;
0.4434977487559385;
0.4375918709026867;
0.4314135689252135;
0.42496677726235793;
0.4182555919176641;
0.41128426810797725;
0.40405721740985956;
0.39657900453164674;
0.38885434460709595;
0.38088810039312815;
0.37268527830650017;
0.3642510245503621;
0.3555906218392964;
0.34670948665765816;
0.3376131668663738;
0.32830466744898357;
0.3187883719693899;
0.3090742092504785;
0.2991682658402052;
0.28907674631352204;
0.2788059693189579;
0.26836236368822486;
0.2577524636922533;
0.24698290485096727;
0.23606042076669906;
0.224991840058216;
0.2137840822527943;
0.20244415298132382;
0.19097910462616013;
0.17939610720948254;
0.16770240766357963;
0.15590531713536654;
0.1440122118502319;
0.13203052718578834;
0.11996775165355744;
0.1078314212083498;
0.09562911317361736;
0.08336844078412335;
0.07105705325816995;
0.058702624292822546;
0.04631284841678223;
0.033895447925575445;
0.02145816538449029;
