----------------------
:::::::::::::::::::::::::::::::::::::::::::::::::::::::::::::::::::::::::::::::
                                     Date and Time: 2025-02-03T20:24:56.405
:::::::::::::::::::::::::::::::::::::::::::::::::::::::::::::::::::::::::::::::
local boson: T = 0.1, alpha = 0.1, N_chain = 140, maxdim = 80, cutoff = -12, tau = 0.005, jump = 5, omega_C = 5, boson_dim = 13;
0.5000000000000049;
0.49999375000884616;
0.4997750114096665;
0.499243894845025;
0.49840067919015835;
0.49724583162181174;
0.49578002554877576;
0.4940041558316804;
0.4919193450078589;
0.489526939261012;
0.48682850050759024;
0.48382579919205215;
0.48052080751317144;
0.4769156934979441;
0.47301281608394313;
0.4688147209336683;
0.46432413701464853;
0.4595439738604841;
0.4544773185232597;
0.4491274323671829;
0.4434977487559385;
0.4375918709026867;
0.4314135689252135;
0.42496677726235793;
0.4182555919176641;
0.41128426810797725;
0.40405721740985956;
0.39657900453164674;
0.38885434460709595;
0.38088810039312815;
0.37268527830650017;
0.3642510245503621;
0.3555906218392964;
0.34670948665765816;
0.3376131668663738;
0.32830466744898357;
0.3187883719693899;
0.3090742092504785;
0.2991682658402052;
0.28907674631352204;
0.2788059693189579;
0.26836236368822486;
0.2577524636922533;
0.24698290485096727;
0.23606042076669906;
0.224991840058216;
0.2137840822527943;
0.20244415298132382;
0.19097910462616013;
0.17939610720948254;
0.16770240766357963;
0.15590531713536654;
0.1440122118502319;
0.13203052718578834;
0.11996775165355744;
0.1078314212083498;
0.09562911317361736;
0.08336844078412335;
0.07105705325816995;
0.058702624292822546;
0.04631284841678223;
0.033895447925575445;
0.02145816538449029;
0.009008756178538758;
-0.0034450176277735067;
-0.015895391651703294;
-0.028334602533512724;
-0.04075488720027326;
-0.053148499748838444;
-0.06550772903087866;
-0.07782487696865446;
-0.09009225442349124;
-0.10230223695216538;
-0.11444722175190579;
-0.12651963982707604;
-0.13851197898322107;
-0.1504167691193881;
-0.1622265928148798;
-0.17393409998636605;
-0.18553200405823309;
-0.19701307976128166;
-0.20837018146453845;
-0.21959623862275268;
-0.23068427392802998;
-0.24162738919279228;
-0.252418764190418;
-0.2630516797161766;
-0.2735195215970241;
-0.2838157749887444;
-0.2939340267937767;
-0.30386798824770417;
-0.31361147340704904;
-0.3231584236896173;
-0.3325028929419258;
-0.3416390694579;
-0.3505612658399568;
-0.359263930736851;
-0.36774164198533865;
-0.3759891369252137;
-0.38400127178777205;
-0.39177307510361153;
-0.39929971122001756;
-0.40657650181752836;
-0.4135989061557901;
-0.4203625745879222;
-0.4268632887720307;
-0.43309700799133893;
-0.4390598457071554;
-0.444748102008491;
-0.45015824243410457;
-0.45528690457052284;
-0.46013090273020685;
-0.4646872223154886;
-0.46895302585473814;
-0.472925669582514;
-0.47660267967134035;
-0.4799817720487599;
-0.48306083989726856;
-0.485837987217893;
-0.48831149650894506;
-0.49047982586757755;
-0.4923416363747161;
-0.49389577043915606;
-0.49514127772951694;
-0.4960773905037425;
-0.4967035351024764;
-0.4970193289920832;
-0.4970245632142251;
-0.4967192566641297;
-0.4961036045454602;
-0.4951779809470138;
-0.4939429535200918;
-0.49239929690847956;
-0.490547971468118;
-0.48839014582358303;
-0.4859271642591885;
-0.4831605527905048;
-0.4800920268963;
-0.4767234974723486;
-0.47305705663254966;
-0.4690949841505274;
-0.464839748895725;
-0.4602939961752642;
-0.45546055879036706;
-0.45034243958595327;
-0.4449428223187667;
-0.4392650657520665;
-0.4333126972330701;
-0.4270894291573424;
-0.42059914118641634;
-0.41384584608385655;
-0.40683375122829407;
-0.39956720453274736;
-0.39205072548526904;
-0.38428899374699527;
-0.3762868230164264;
-0.36804919630295774;
-0.3595812458795178;
-0.350888231859693;
-0.34197555183194006;
-0.33284873527102854;
-0.32351345863785363;
-0.313975536803466;
-0.3042409176928854;
-0.2943156594208152;
-0.28420590647203026;
-0.2739179399571442;
-0.26345686035209864;
-0.2528305509560102;
-0.2420456894838187;
-0.23110902859183374;
-0.2200273687784907;
-0.2088076413685217;
-0.1974568229971194;
-0.18598185796334724;
-0.174390106236243;
-0.16268898184397293;
-0.1508854457059693;
-0.1389868399638136;
-0.12700058584435456;
-0.11493452809075849;
-0.10279619006329306;
-0.09059321269347796;
-0.07833314751719843;
-0.066023293711964;
-0.05367113603949164;
-0.041284388644509735;
-0.028870989945405687;
-0.01643902086040906;
-0.003996451159300348;
0.008448905405286986;
0.0208896231569944;
0.033318266007023006;
0.045727396600398214;
0.0581092261367919;
0.07045577343881684;
0.08275892612739001;
0.09501063042689187;
0.10720319688444324;
0.11932922421339093;
0.13138169935241825;
0.14335347186631356;
0.1552374803530479;
0.1670261482711819;
0.17871190124424605;
0.1902868114765822;
0.20174309855074826;
0.21307386177355037;
0.22427169979241535;
0.23532978416933334;
0.24624234140002924;
0.2570022501057329;
0.26760391554980606;
0.2780403424240258;
0.28830427398660735;
0.2983891747085037;
0.3082881728698208;
0.3179950494440664;
0.3275033903086625;
0.3368065296428878;
0.3459004334221303;
0.35477956694449614;
0.3634384930962582;
0.37187251178932856;
0.38007586449613934;
0.38804340299332407;
0.39576918561974594;
0.4032492062196245;
0.41047748753195484;
0.41744998749405143;
0.4241624609874088;
0.43061020285082446;
0.4367901553599994;
0.44269855612943143;
0.44833175780067097;
0.45368629119268283;
0.45875905915524884;
0.4635462174513484;
0.46804500118375836;
0.47225281677765746;
0.4761663984769162;
0.4797835157056375;
0.4831021819923786;
0.4861190283734615;
0.48883319167247274;
0.4912436374222848;
0.4933482610127558;
0.4951460816622882;
0.49663609939509257;
0.4978166708377555;
0.4986878046818969;
0.4992474707026961;
0.4994960867782775;
0.4994343501340986;
0.4990609854985945;
0.498377164268725;
0.4973832313621855;
0.49607972351845736;
0.49446714163319266;
0.49254650807410555;
0.49031907146379045;
0.48778587921253685;
0.48494971771771184;
0.48181113926996205;
0.47837178812595715;
0.47463417795549423;
0.4706018930782756;
0.4662767618707365;
0.4616615777811039;
0.4567593130785782;
0.45157335750801547;
0.44610668415323845;
0.440362571290012;
0.43434570457932226;
0.4280578739442203;
0.42150321466225626;
0.4146853073243591;
0.4076076980966138;
0.40027438586592046;
0.39269139900742495;
0.3848619633450108;
0.3767917934052314;
0.36848672117817244;
0.35995170816783706;
0.351193157124728;
0.3422172995562723;
0.33303049882457714;
0.3236391790429674;
0.314048696796874;
0.30426502097054037;
0.2942944631616909;
0.2841426532689575;
0.2738149358739822;
0.2633172726954729;
0.25265534028108844;
0.24183467920522506;
0.23086114546158112;
0.21974114057377245;
0.20848152025336755;
0.19708869687925368;
0.18556929921226767;
0.17393163822095448;
0.1621839281142259;
0.1503339042447996;
0.13839017871051928;
0.12636116609727366;
0.11425552739809852;
0.10208170803851532;
0.08984813416560412;
0.07756288103433383;
0.0652338595565856;
0.05286857021675247;
0.04047465039030329;
0.028059185732838825;
0.015629059422958183;
0.0031910119350813883;
-0.00924825157296497;
-0.021682090624059076;
-0.03410376602373215;
-0.046506535025569486;
-0.058883329353280736;
-0.07122704344490516;
-0.08353015532773211;
-0.0957849241886378;
-0.1079835445962544;
-0.12011806706339535;
-0.13218032738713942;
-0.14416148444269436;
-0.15605362891859165;
-0.16784836066194858;
-0.17953756903839466;
-0.1911132178163049;
-0.20256713314769956;
-0.21389086569312046;
-0.2250780123796039;
-0.23612096690306028;
-0.24701307914192683;
-0.2577468222081462;
-0.26831658070438286;
-0.27871622279189046;
-0.28893904498667194;
-0.29898032827820914;
-0.3088339141760706;
-0.3184945888206;
-0.3279570224223254;
-0.3372156543332934;
-0.34626447015546746;
-0.3550985213723341;
-0.3637130423430572;
-0.3721025535635299;
-0.3802621277024851;
-0.38818597034312413;
-0.39586879509038364;
-0.40330645090384165;
-0.41049319697567793;
-0.4174242291120218;
-0.4240955708377764;
-0.4305022631929357;
-0.4366397346187058;
-0.4425041749668183;
-0.44809202872215537;
-0.45340013273712576;
-0.45842461736202744;
-0.4631617190913706;
-0.4676094831781045;
-0.47176440014315896;
-0.47562346420797547;
-0.47918505771465475;
-0.48244694198584737;
-0.48540689582551916;
-0.48806396487443787;
-0.49041602374055493;
-0.4924625782495728;
-0.4942016154096323;
-0.495631107850346;
-0.49675140507413895;
-0.4975626248089924;
-0.4980626785870339;
-0.49825247584488014;
-0.4981310190957609;
-0.4976981473292223;
-0.4969550582912637;
-0.49590208732337426;
-0.4945394017006998;
-0.49286835116479905;
-0.49088970776427343;
-0.48860541017452086;
-0.48601589231323905;
-0.4831241652027155;
-0.47993195577569503;
-0.47644009853739233;
-0.4726510785211548;
-0.4685670989025135;
-0.46419207964046383;
-0.4595282569307957;
-0.45457845114585144;
-0.4493459925757922;
-0.4438334890463573;
-0.43804437375071814;
-0.43198103129717624;
-0.4256488999792956;
Date and Time: 2025-02-04T15:04:45.251
Output: local boson: T = 0.1, alpha = 0.1, N_chain = 140, maxdim = 80, cutoff = -12, tau = 0.005, omega_C = 5, boson_dim = 13
[0.5000000000000049, 0.49999375000884616, 0.4997750114096665, 0.499243894845025, 0.49840067919015835, 0.49724583162181174, 0.49578002554877576, 0.4940041558316804, 0.4919193450078589, 0.489526939261012, 0.48682850050759024, 0.48382579919205215, 0.48052080751317144, 0.4769156934979441, 0.47301281608394313, 0.4688147209336683, 0.46432413701464853, 0.4595439738604841, 0.4544773185232597, 0.4491274323671829, 0.4434977487559385, 0.4375918709026867, 0.4314135689252135, 0.42496677726235793, 0.4182555919176641, 0.41128426810797725, 0.40405721740985956, 0.39657900453164674, 0.38885434460709595, 0.38088810039312815, 0.37268527830650017, 0.3642510245503621, 0.3555906218392964, 0.34670948665765816, 0.3376131668663738, 0.32830466744898357, 0.3187883719693899, 0.3090742092504785, 0.2991682658402052, 0.28907674631352204, 0.2788059693189579, 0.26836236368822486, 0.2577524636922533, 0.24698290485096727, 0.23606042076669906, 0.224991840058216, 0.2137840822527943, 0.20244415298132382, 0.19097910462616013, 0.17939610720948254, 0.16770240766357963, 0.15590531713536654, 0.1440122118502319, 0.13203052718578834, 0.11996775165355744, 0.1078314212083498, 0.09562911317361736, 0.08336844078412335, 0.07105705325816995, 0.058702624292822546, 0.04631284841678223, 0.033895447925575445, 0.02145816538449029, 0.009008756178538758, -0.0034450176277735067, -0.015895391651703294, -0.028334602533512724, -0.04075488720027326, -0.053148499748838444, -0.06550772903087866, -0.07782487696865446, -0.09009225442349124, -0.10230223695216538, -0.11444722175190579, -0.12651963982707604, -0.13851197898322107, -0.1504167691193881, -0.1622265928148798, -0.17393409998636605, -0.18553200405823309, -0.19701307976128166, -0.20837018146453845, -0.21959623862275268, -0.23068427392802998, -0.24162738919279228, -0.252418764190418, -0.2630516797161766, -0.2735195215970241, -0.2838157749887444, -0.2939340267937767, -0.30386798824770417, -0.31361147340704904, -0.3231584236896173, -0.3325028929419258, -0.3416390694579, -0.3505612658399568, -0.359263930736851, -0.36774164198533865, -0.3759891369252137, -0.38400127178777205, -0.39177307510361153, -0.39929971122001756, -0.40657650181752836, -0.4135989061557901, -0.4203625745879222, -0.4268632887720307, -0.43309700799133893, -0.4390598457071554, -0.444748102008491, -0.45015824243410457, -0.45528690457052284, -0.46013090273020685, -0.4646872223154886, -0.46895302585473814, -0.472925669582514, -0.47660267967134035, -0.4799817720487599, -0.48306083989726856, -0.485837987217893, -0.48831149650894506, -0.49047982586757755, -0.4923416363747161, -0.49389577043915606, -0.49514127772951694, -0.4960773905037425, -0.4967035351024764, -0.4970193289920832, -0.4970245632142251, -0.4967192566641297, -0.4961036045454602, -0.4951779809470138, -0.4939429535200918, -0.49239929690847956, -0.490547971468118, -0.48839014582358303, -0.4859271642591885, -0.4831605527905048, -0.4800920268963, -0.4767234974723486, -0.47305705663254966, -0.4690949841505274, -0.464839748895725, -0.4602939961752642, -0.45546055879036706, -0.45034243958595327, -0.4449428223187667, -0.4392650657520665, -0.4333126972330701, -0.4270894291573424, -0.42059914118641634, -0.41384584608385655, -0.40683375122829407, -0.39956720453274736, -0.39205072548526904, -0.38428899374699527, -0.3762868230164264, -0.36804919630295774, -0.3595812458795178, -0.350888231859693, -0.34197555183194006, -0.33284873527102854, -0.32351345863785363, -0.313975536803466, -0.3042409176928854, -0.2943156594208152, -0.28420590647203026, -0.2739179399571442, -0.26345686035209864, -0.2528305509560102, -0.2420456894838187, -0.23110902859183374, -0.2200273687784907, -0.2088076413685217, -0.1974568229971194, -0.18598185796334724, -0.174390106236243, -0.16268898184397293, -0.1508854457059693, -0.1389868399638136, -0.12700058584435456, -0.11493452809075849, -0.10279619006329306, -0.09059321269347796, -0.07833314751719843, -0.066023293711964, -0.05367113603949164, -0.041284388644509735, -0.028870989945405687, -0.01643902086040906, -0.003996451159300348, 0.008448905405286986, 0.0208896231569944, 0.033318266007023006, 0.045727396600398214, 0.0581092261367919, 0.07045577343881684, 0.08275892612739001, 0.09501063042689187, 0.10720319688444324, 0.11932922421339093, 0.13138169935241825, 0.14335347186631356, 0.1552374803530479, 0.1670261482711819, 0.17871190124424605, 0.1902868114765822, 0.20174309855074826, 0.21307386177355037, 0.22427169979241535, 0.23532978416933334, 0.24624234140002924, 0.2570022501057329, 0.26760391554980606, 0.2780403424240258, 0.28830427398660735, 0.2983891747085037, 0.3082881728698208, 0.3179950494440664, 0.3275033903086625, 0.3368065296428878, 0.3459004334221303, 0.35477956694449614, 0.3634384930962582, 0.37187251178932856, 0.38007586449613934, 0.38804340299332407, 0.39576918561974594, 0.4032492062196245, 0.41047748753195484, 0.41744998749405143, 0.4241624609874088, 0.43061020285082446, 0.4367901553599994, 0.44269855612943143, 0.44833175780067097, 0.45368629119268283, 0.45875905915524884, 0.4635462174513484, 0.46804500118375836, 0.47225281677765746, 0.4761663984769162, 0.4797835157056375, 0.4831021819923786, 0.4861190283734615, 0.48883319167247274, 0.4912436374222848, 0.4933482610127558, 0.4951460816622882, 0.49663609939509257, 0.4978166708377555, 0.4986878046818969, 0.4992474707026961, 0.4994960867782775, 0.4994343501340986, 0.4990609854985945, 0.498377164268725, 0.4973832313621855, 0.49607972351845736, 0.49446714163319266, 0.49254650807410555, 0.49031907146379045, 0.48778587921253685, 0.48494971771771184, 0.48181113926996205, 0.47837178812595715, 0.47463417795549423, 0.4706018930782756, 0.4662767618707365, 0.4616615777811039, 0.4567593130785782, 0.45157335750801547, 0.44610668415323845, 0.440362571290012, 0.43434570457932226, 0.4280578739442203, 0.42150321466225626, 0.4146853073243591, 0.4076076980966138, 0.40027438586592046, 0.39269139900742495, 0.3848619633450108, 0.3767917934052314, 0.36848672117817244, 0.35995170816783706, 0.351193157124728, 0.3422172995562723, 0.33303049882457714, 0.3236391790429674, 0.314048696796874, 0.30426502097054037, 0.2942944631616909, 0.2841426532689575, 0.2738149358739822, 0.2633172726954729, 0.25265534028108844, 0.24183467920522506, 0.23086114546158112, 0.21974114057377245, 0.20848152025336755, 0.19708869687925368, 0.18556929921226767, 0.17393163822095448, 0.1621839281142259, 0.1503339042447996, 0.13839017871051928, 0.12636116609727366, 0.11425552739809852, 0.10208170803851532, 0.08984813416560412, 0.07756288103433383, 0.0652338595565856, 0.05286857021675247, 0.04047465039030329, 0.028059185732838825, 0.015629059422958183, 0.0031910119350813883, -0.00924825157296497, -0.021682090624059076, -0.03410376602373215, -0.046506535025569486, -0.058883329353280736, -0.07122704344490516, -0.08353015532773211, -0.0957849241886378, -0.1079835445962544, -0.12011806706339535, -0.13218032738713942, -0.14416148444269436, -0.15605362891859165, -0.16784836066194858, -0.17953756903839466, -0.1911132178163049, -0.20256713314769956, -0.21389086569312046, -0.2250780123796039, -0.23612096690306028, -0.24701307914192683, -0.2577468222081462, -0.26831658070438286, -0.27871622279189046, -0.28893904498667194, -0.29898032827820914, -0.3088339141760706, -0.3184945888206, -0.3279570224223254, -0.3372156543332934, -0.34626447015546746, -0.3550985213723341, -0.3637130423430572, -0.3721025535635299, -0.3802621277024851, -0.38818597034312413, -0.39586879509038364, -0.40330645090384165, -0.41049319697567793, -0.4174242291120218, -0.4240955708377764, -0.4305022631929357, -0.4366397346187058, -0.4425041749668183, -0.44809202872215537, -0.45340013273712576, -0.45842461736202744, -0.4631617190913706, -0.4676094831781045, -0.47176440014315896, -0.47562346420797547, -0.47918505771465475, -0.48244694198584737, -0.48540689582551916, -0.48806396487443787, -0.49041602374055493, -0.4924625782495728, -0.4942016154096323, -0.495631107850346, -0.49675140507413895, -0.4975626248089924, -0.4980626785870339, -0.49825247584488014, -0.4981310190957609, -0.4976981473292223, -0.4969550582912637, -0.49590208732337426, -0.4945394017006998, -0.49286835116479905, -0.49088970776427343, -0.48860541017452086, -0.48601589231323905, -0.4831241652027155, -0.47993195577569503, -0.47644009853739233, -0.4726510785211548, -0.4685670989025135, -0.46419207964046383, -0.4595282569307957, -0.45457845114585144, -0.4493459925757922, -0.4438334890463573, -0.43804437375071814, -0.43198103129717624, -0.4256488999792956]
----------------------
