----------------------
:::::::::::::::::::::::::::::::::::::::::::::::::::::::::::::::::::::::::::::::
                                     Date and Time: 2025-01-22T16:37:19.829
:::::::::::::::::::::::::::::::::::::::::::::::::::::::::::::::::::::::::::::::
local boson: T = 1, alpha = 0.1, N_chain = 160, maxdim = 80, cutoff = -12, tau = 0.002, boson_dim = 12;
0.49998921309125155;
0.4999468923966448;
0.4998782027417933;
0.49978551927177783;
0.49966938733655075;
0.4995297780854759;
0.4993717671259499;
0.49919634458974593;
0.49900236911922957;
0.4987945460321107;
0.4985708482047216;
0.4983339593775139;
0.49808311090125973;
0.4978200021978706;
0.4975438479717072;
0.4972557564928716;
0.4969560651174477;
0.4966447883038329;
0.4963224112761708;
0.4959892680522473;
0.49564561479381597;
0.49529016649217245;
0.4949209375620422;
0.4945411964143521;
0.4941512595123667;
0.49375092759818096;
0.4933412224308845;
0.4929209778957663;
0.49249075399543235;
0.4920505267502219;
0.4916013767272267;
0.4911436329725077;
0.4906771624385061;
0.4902014201748822;
0.48971711135446666;
0.4892259175087495;
0.4887258902807878;
0.4882187425847352;
0.4877032668673282;
0.4871810268858688;
0.48665258796913713;
0.4861174411868155;
0.485575926670866;
0.48502794169844854;
0.4844752688574318;
0.48391701110598995;
0.48335034227603374;
0.4827761857631963;
0.48219758805265234;
0.48161321831542664;
0.4810256422859839;
0.48043253242098416;
0.47983648802550977;
0.4792361837566516;
0.4786328104022832;
0.4780261673368648;
0.4774161766508371;
0.476804460304091;
0.4761892287230813;
0.4755729228597165;
0.47495417233979564;
0.4743341631445034;
0.4737120116397157;
0.4730892582457309;
0.4724654793737212;
0.47184111082820085;
0.47121614341962115;
0.47059001879772777;
0.46996021455642606;
0.4693310255341604;
0.4687026705849469;
0.4680735737075599;
0.4674450316853421;
0.4668176344925902;
0.46619080520002454;
0.4655661089137017;
0.4649420884362024;
0.4643199530550331;
0.4636990386534462;
0.4630809788712433;
0.4624648709799037;
0.4618504728084957;
0.4612381150907956;
0.4606295587991154;
0.4600235992381032;
0.45942000349126916;
0.4588179450866293;
0.45821741688437095;
0.45762010736459785;
0.45702489347637654;
0.45643419247337114;
0.4558461200607345;
0.4552626130892146;
0.4546824435274423;
0.454106189683491;
0.45353420391037685;
0.452966455144231;
0.4524029080506301;
0.45184487552179514;
0.45129033885755504;
0.4507413205902935;
0.450196818176781;
0.4496565055052386;
0.4491189585148036;
0.44858592086790167;
0.448057931231583;
0.44753453077571376;
0.4470163285221017;
0.446503461316119;
0.44599605075511495;
0.4454942515046449;
0.4449966329254083;
0.4445052689977454;
0.4440191228760374;
0.44353905620422884;
0.44306431283347736;
0.44259640348218254;
0.4421312645671223;
0.44167163177811947;
0.44121774469167085;
0.44077013695818457;
0.4403274397887088;
0.4398906363339794;
0.4394596612678747;
0.4390341024079345;
0.4386147448911205;
0.4382010489094059;
0.43779349500740294;
0.4373922554347233;
0.4369980103751707;
0.4366066286377681;
0.4362217739948161;
0.43584199846981025;
0.43546800330287416;
0.4350995418621707;
0.4347374953021711;
0.4343815242803673;
0.43403048120340526;
0.43368574811492433;
0.4333482847490977;
0.43301707254009353;
0.4326910838050371;
0.43237003005521485;
0.432054281554142;
0.43174476994399263;
0.4314410132754781;
0.43114317237818073;
0.43085084962610787;
0.43056407769433763;
0.43028403569896456;
0.43001009645353644;
0.4297423925154652;
0.4294805987504612;
0.4292245035364481;
0.42897370790104505;
0.42872857292974;
0.42848902674484585;
0.428255548488548;
0.42802720864773397;
0.4278047678381506;
0.4275875439383839;
0.4273758853470323;
0.427169831167786;
0.4269700459253761;
0.4267763468350598;
0.4265872774309918;
0.42640255933241383;
0.42622323549072233;
0.4260495107297199;
0.42588089288940423;
0.4257181636073725;
0.42556151981411283;
0.42541092547812726;
0.42526544395536214;
0.4251242026153962;
