----------------------
:::::::::::::::::::::::::::::::::::::::::::::::::::::::::::::::::::::::::::::::
                                     Date and Time: 2025-01-22T11:42:07.602
:::::::::::::::::::::::::::::::::::::::::::::::::::::::::::::::::::::::::::::::
local boson: T = 0.01, alpha = 1.5, N_chain = 160, maxdim = 80, cutoff = -12, tau = 0.002, boson_dim = 12;
0.49999998812743696;
0.4999999550156657;
0.49999990065093924;
0.49999982410816746;
0.499999726434133;
0.4999996104891291;
0.4999994787802987;
0.49999933268132396;
0.49999917282750816;
0.49999899943219617;
0.49999881252757344;
0.4999986121438322;
0.49999839837845955;
0.499998171416461;
0.499997931527274;
0.49999767906943343;
0.4999974144876931;
0.49999713826729497;
0.49999685090032486;
0.49999655292219375;
0.49999624473729265;
0.4999959261171597;
0.499995595949619;
0.4999952527254497;
0.4999948954163258;
0.4999945240649546;
0.499994139796628;
0.49999374432119775;
0.4999933391860792;
0.4999929253225402;
0.49999250329882816;
0.49999207359477077;
0.4999916362266902;
0.4999911907509409;
0.4999907372634175;
0.49999027664075973;
0.4999898089877581;
0.49998933175962024;
0.4999888395166849;
0.49998832579187474;
0.4999877857797056;
0.499987218003461;
0.4999866239950922;
0.49998600661093595;
0.4999853690000984;
0.49998471500937136;
0.4999840492377088;
0.49998337573452567;
0.49998269684275953;
0.4999820135226089;
0.4999813267152074;
0.4999806384822085;
0.49997995220489544;
0.4999792719641051;
0.4999786016173757;
0.499977944012507;
0.49997730052451317;
0.499976670912117;
0.49997605338271445;
0.49997544477719663;
0.499974840809619;
0.49997423634670296;
0.49997362572017096;
0.4999730030623686;
0.4999723626496192;
0.4999716992393299;
0.4999710083530803;
0.49997028649614084;
0.49996953128487526;
0.4999687414867754;
0.4999679169698501;
0.4999670585712454;
0.4999661678955753;
0.4999652471445246;
0.49996429901173817;
0.4999633263125701;
0.49996233131295387;
0.49996131581257897;
0.4999602821711342;
0.4999592335276416;
0.49995817244876306;
0.49995709953996564;
0.4999560135683293;
0.4999549130251211;
0.49995379800861167;
0.49995267129209564;
0.499951537495131;
0.4999504005950883;
0.49994926241271503;
0.49994812350448137;
0.4999469841440667;
0.4999458437069943;
0.4999447001501063;
0.49994355099090015;
0.49994239480728764;
0.4999412320211987;
0.4999400648937105;
0.49993889693500665;
0.4999377318604221;
0.49993657252467855;
0.4999354204133682;
0.4999342760140515;
0.49993313975100484;
0.4999320126392321;
0.4999308954763644;
0.49992978601049065;
0.4999286766323548;
0.4999275558726328;
0.4999264132054515;
0.49992524361697976;
0.4999240487835062;
0.4999228348009574;
0.49992160923436546;
0.4999203795268581;
0.4999191523397338;
0.4999179327408682;
0.49991672305006424;
0.49991552194016897;
0.4999143244695541;
0.4999131237892743;
0.49991191425668596;
0.49991069381439246;
0.4999094640085653;
0.49990822835916027;
0.49990699069695077;
0.4999057542228558;
0.4999045211908345;
0.49990329286190244;
0.4999020693047876;
0.4999008488225352;
0.4998996278442905;
0.4998984021419694;
0.4998971683754269;
0.49989592454390647;
0.4998946699537212;
0.4998934057660392;
0.49989213571481295;
0.4998908657962033;
0.4998896022558946;
0.49988834889206607;
0.49988710559496163;
0.4998858688530701;
0.499884633344421;
0.4998833937291112;
0.49988214635269795;
0.4998808904770425;
0.4998796283965382;
0.4998783638370284;
0.49987709944576963;
0.4998758355845295;
0.4998745710511009;
0.4998733040693959;
0.49987203268681507;
0.49987075537636205;
0.4998694722398071;
0.4998681860877732;
0.4998669021916462;
0.4998656264338023;
0.4998643628806223;
0.49986311221983537;
0.4998618719597959;
0.4998606381216327;
0.49985940740755896;
0.49985817869451105;
0.4998569532362867;
0.4998557336784747;
0.4998545225014019;
0.4998533206591279;
0.499852126931681;
0.4998509381538311;
0.4998497501142892;
0.4998485587388288;
0.4998473611410766;
0.4998461562650941;
0.4998449450046783;
0.49984372984685976;
0.49984251419673226;
0.4998413015637876;
0.4998400947955495;
0.49983889549340577;
0.4998377037137546;
0.4998365179824217;
0.49983533559831284;
0.4998341531567218;
0.4998329671803858;
0.49983177469875506;
0.4998305736206748;
0.4998293628976581;
0.4998281425736381;
0.4998269135336276;
0.49982567682088747;
0.4998244332997072;
0.4998231842527392;
0.49982193171747874;
0.4998206776367722;
0.4998194232032892;
0.499818169570493;
0.49981691896442215;
0.4998156749130327;
0.4998144415085071;
0.4998132223522781;
0.49981201979022666;
0.49981083508233637;
0.49980966969810536;
0.4998085267458958;
0.49980741120697186;
0.4998063284159279;
0.49980528172661903;
0.4998042713273437;
0.4998032949203552;
0.49980234927832745;
0.49980143172190644;
0.4998005413176224;
0.4997996792067521;
0.49979884747747555;
0.49979804727452304;
0.499797277462631;
0.49979653447206657;
0.4997958130753191;
0.49979510759011453;
0.49979441317669926;
0.49979372707557207;
0.4997930492378726;
0.49979238166853807;
0.49979172668238164;
0.49979108523472054;
0.4997904567301965;
0.4997898406954964;
0.49978923902448524;
0.4997886570593025;
0.49978810250375655;
0.49978758265634926;
0.4997871015259661;
0.4997866586585626;
0.49978625072985594;
0.49978587500452326;
0.49978553255039837;
0.49978522898267064;
0.4997849720230971;
0.49978476729582927;
0.499784614892989;
0.49978450889368087;
0.4997844399291345;
0.4997843987390444;
0.49978437826073224;
0.499784372991713;
0.4997843767157609;
0.4997843808597652;
0.49978437521701735;
0.49978435084343337;
0.4997843028607549;
0.4997842309163037;
0.4997841365382069;
0.49978401894245317;
0.4997838721503125;
0.499783685284048;
0.4997834459060732;
0.49978314440973876;
0.49978277700711987;
0.49978234554448137;
0.4997818541298301;
0.49978130541313726;
0.499780699472737;
0.4997800359263102;
0.49977931721728586;
0.4997785496144945;
0.49977774069078496;
0.49977689558599053;
0.49977601490037066;
0.49977509493769146;
0.4997741293714207;
0.49977311175325667;
0.49977203858036096;
0.49977091095590476;
0.4997697321164268;
0.49976850308614623;
0.49976722327554624;
0.4997658954447797;
0.49976452667341514;
0.4997631241936309;
0.4997616932865357;
0.49976023975313943;
0.49975877249093975;
0.4997573023876769;
0.4997558388779872;
0.4997543877580482;
0.49975295186250723;
0.4997515339292927;
0.499750139752388;
0.4997487794826639;
0.49974746606854653;
0.49974621161182975;
0.499745023921079;
0.49974390557239373;
0.4997428566078112;
0.499741879810863;
0.49974098471661516;
0.49974018708832224;
0.4997395042446736;
0.49973894917335976;
0.4997385261229842;
0.49973822931799594;
0.49973804529375127;
0.49973795821290257;
0.49973795646284297;
0.4997380370025003;
0.4997382047925844;
0.499738468689466;
0.4997388370416852;
0.499739314569543;
0.49973990008229197;
0.4997405846650638;
0.4997413510405359;
0.4997421749961979;
0.49974302920030633;
0.4997438886811964;
0.49974473517887213;
0.4997455578995709;
0.4997463511340683;
0.4997471113353138;
0.4997478355286124;
0.4997485205459148;
0.4997491620233207;
0.49974975254299214;
0.49975027901318153;
0.49975072115248764;
0.49975105345158816;
0.4997512504214968;
0.49975129246845335;
0.499751169343771;
0.49975088021216474;
0.4997504320258953;
0.4997498383100249;
0.4997491184193494;
0.4997482963635002;
0.4997473989689563;
0.4997464541426525;
0.49974549002621854;
0.4997445344541686;
0.49974361337163187;
0.49974274870247026;
0.4997419575578944;
0.4997412529420009;
0.49974064470331675;
0.49974014034280045;
0.4997397461660221;
0.4997394686755023;
0.4997393154390058;
0.49973929468592343;
0.49973941402529437;
0.4997396793761084;
0.4997400945137931;
0.4997406607982728;
0.49974137680297903;
0.499742237940894;
0.4997432365932655;
0.49974436254238946;
0.49974560300180987;
0.49974694179604334;
0.4997483581986393;
0.4997498266239792;
0.4997513180361374;
0.4997528027096853;
0.49975425306147686;
0.49975564525320687;
0.49975695920681545;
0.49975817769116804;
0.4997592855150694;
0.49976026948977503;
0.4997611191675423;
0.49976182790989415;
0.4997623938651408;
0.49976282068221345;
0.4997631178940051;
0.499763300829626;
0.49976338990319813;
0.4997634093525651;
0.4997633854661526;
0.49976334447195964;
0.49976331084620246;
0.49976330664385105;
0.49976335126490784;
0.4997634609780438;
0.49976364886458124;
0.4997639255329819;
0.4997642995621397;
0.49976477755091836;
0.4997653648631722;
0.49976606697298015;
0.49976688975898803;
0.4997678380318338;
0.4997689130495803;
0.49977011035347607;
0.49977141869996666;
0.4997728202574026;
0.4997742921590706;
0.4997758094581339;
0.4997773488276942;
0.49977889158148897;
0.49978042495300146;
Date and Time: 2025-01-22T15:43:24.020
Output: local boson: T = 0.01, alpha = 1.5, N_chain = 160, maxdim = 80, cutoff = -12, tau = 0.002, boson_dim = 12
Any[0.5000000000000038, 0.49999998812743696, 0.4999999550156657, 0.49999990065093924, 0.49999982410816746, 0.499999726434133, 0.4999996104891291, 0.4999994787802987, 0.49999933268132396, 0.49999917282750816, 0.49999899943219617, 0.49999881252757344, 0.4999986121438322, 0.49999839837845955, 0.499998171416461, 0.499997931527274, 0.49999767906943343, 0.4999974144876931, 0.49999713826729497, 0.49999685090032486, 0.49999655292219375, 0.49999624473729265, 0.4999959261171597, 0.499995595949619, 0.4999952527254497, 0.4999948954163258, 0.4999945240649546, 0.499994139796628, 0.49999374432119775, 0.4999933391860792, 0.4999929253225402, 0.49999250329882816, 0.49999207359477077, 0.4999916362266902, 0.4999911907509409, 0.4999907372634175, 0.49999027664075973, 0.4999898089877581, 0.49998933175962024, 0.4999888395166849, 0.49998832579187474, 0.4999877857797056, 0.499987218003461, 0.4999866239950922, 0.49998600661093595, 0.4999853690000984, 0.49998471500937136, 0.4999840492377088, 0.49998337573452567, 0.49998269684275953, 0.4999820135226089, 0.4999813267152074, 0.4999806384822085, 0.49997995220489544, 0.4999792719641051, 0.4999786016173757, 0.499977944012507, 0.49997730052451317, 0.499976670912117, 0.49997605338271445, 0.49997544477719663, 0.499974840809619, 0.49997423634670296, 0.49997362572017096, 0.4999730030623686, 0.4999723626496192, 0.4999716992393299, 0.4999710083530803, 0.49997028649614084, 0.49996953128487526, 0.4999687414867754, 0.4999679169698501, 0.4999670585712454, 0.4999661678955753, 0.4999652471445246, 0.49996429901173817, 0.4999633263125701, 0.49996233131295387, 0.49996131581257897, 0.4999602821711342, 0.4999592335276416, 0.49995817244876306, 0.49995709953996564, 0.4999560135683293, 0.4999549130251211, 0.49995379800861167, 0.49995267129209564, 0.499951537495131, 0.4999504005950883, 0.49994926241271503, 0.49994812350448137, 0.4999469841440667, 0.4999458437069943, 0.4999447001501063, 0.49994355099090015, 0.49994239480728764, 0.4999412320211987, 0.4999400648937105, 0.49993889693500665, 0.4999377318604221, 0.49993657252467855, 0.4999354204133682, 0.4999342760140515, 0.49993313975100484, 0.4999320126392321, 0.4999308954763644, 0.49992978601049065, 0.4999286766323548, 0.4999275558726328, 0.4999264132054515, 0.49992524361697976, 0.4999240487835062, 0.4999228348009574, 0.49992160923436546, 0.4999203795268581, 0.4999191523397338, 0.4999179327408682, 0.49991672305006424, 0.49991552194016897, 0.4999143244695541, 0.4999131237892743, 0.49991191425668596, 0.49991069381439246, 0.4999094640085653, 0.49990822835916027, 0.49990699069695077, 0.4999057542228558, 0.4999045211908345, 0.49990329286190244, 0.4999020693047876, 0.4999008488225352, 0.4998996278442905, 0.4998984021419694, 0.4998971683754269, 0.49989592454390647, 0.4998946699537212, 0.4998934057660392, 0.49989213571481295, 0.4998908657962033, 0.4998896022558946, 0.49988834889206607, 0.49988710559496163, 0.4998858688530701, 0.499884633344421, 0.4998833937291112, 0.49988214635269795, 0.4998808904770425, 0.4998796283965382, 0.4998783638370284, 0.49987709944576963, 0.4998758355845295, 0.4998745710511009, 0.4998733040693959, 0.49987203268681507, 0.49987075537636205, 0.4998694722398071, 0.4998681860877732, 0.4998669021916462, 0.4998656264338023, 0.4998643628806223, 0.49986311221983537, 0.4998618719597959, 0.4998606381216327, 0.49985940740755896, 0.49985817869451105, 0.4998569532362867, 0.4998557336784747, 0.4998545225014019, 0.4998533206591279, 0.499852126931681, 0.4998509381538311, 0.4998497501142892, 0.4998485587388288, 0.4998473611410766, 0.4998461562650941, 0.4998449450046783, 0.49984372984685976, 0.49984251419673226, 0.4998413015637876, 0.4998400947955495, 0.49983889549340577, 0.4998377037137546, 0.4998365179824217, 0.49983533559831284, 0.4998341531567218, 0.4998329671803858, 0.49983177469875506, 0.4998305736206748, 0.4998293628976581, 0.4998281425736381, 0.4998269135336276, 0.49982567682088747, 0.4998244332997072, 0.4998231842527392, 0.49982193171747874, 0.4998206776367722, 0.4998194232032892, 0.499818169570493, 0.49981691896442215, 0.4998156749130327, 0.4998144415085071, 0.4998132223522781, 0.49981201979022666, 0.49981083508233637, 0.49980966969810536, 0.4998085267458958, 0.49980741120697186, 0.4998063284159279, 0.49980528172661903, 0.4998042713273437, 0.4998032949203552, 0.49980234927832745, 0.49980143172190644, 0.4998005413176224, 0.4997996792067521, 0.49979884747747555, 0.49979804727452304, 0.499797277462631, 0.49979653447206657, 0.4997958130753191, 0.49979510759011453, 0.49979441317669926, 0.49979372707557207, 0.4997930492378726, 0.49979238166853807, 0.49979172668238164, 0.49979108523472054, 0.4997904567301965, 0.4997898406954964, 0.49978923902448524, 0.4997886570593025, 0.49978810250375655, 0.49978758265634926, 0.4997871015259661, 0.4997866586585626, 0.49978625072985594, 0.49978587500452326, 0.49978553255039837, 0.49978522898267064, 0.4997849720230971, 0.49978476729582927, 0.499784614892989, 0.49978450889368087, 0.4997844399291345, 0.4997843987390444, 0.49978437826073224, 0.499784372991713, 0.4997843767157609, 0.4997843808597652, 0.49978437521701735, 0.49978435084343337, 0.4997843028607549, 0.4997842309163037, 0.4997841365382069, 0.49978401894245317, 0.4997838721503125, 0.499783685284048, 0.4997834459060732, 0.49978314440973876, 0.49978277700711987, 0.49978234554448137, 0.4997818541298301, 0.49978130541313726, 0.499780699472737, 0.4997800359263102, 0.49977931721728586, 0.4997785496144945, 0.49977774069078496, 0.49977689558599053, 0.49977601490037066, 0.49977509493769146, 0.4997741293714207, 0.49977311175325667, 0.49977203858036096, 0.49977091095590476, 0.4997697321164268, 0.49976850308614623, 0.49976722327554624, 0.4997658954447797, 0.49976452667341514, 0.4997631241936309, 0.4997616932865357, 0.49976023975313943, 0.49975877249093975, 0.4997573023876769, 0.4997558388779872, 0.4997543877580482, 0.49975295186250723, 0.4997515339292927, 0.499750139752388, 0.4997487794826639, 0.49974746606854653, 0.49974621161182975, 0.499745023921079, 0.49974390557239373, 0.4997428566078112, 0.499741879810863, 0.49974098471661516, 0.49974018708832224, 0.4997395042446736, 0.49973894917335976, 0.4997385261229842, 0.49973822931799594, 0.49973804529375127, 0.49973795821290257, 0.49973795646284297, 0.4997380370025003, 0.4997382047925844, 0.499738468689466, 0.4997388370416852, 0.499739314569543, 0.49973990008229197, 0.4997405846650638, 0.4997413510405359, 0.4997421749961979, 0.49974302920030633, 0.4997438886811964, 0.49974473517887213, 0.4997455578995709, 0.4997463511340683, 0.4997471113353138, 0.4997478355286124, 0.4997485205459148, 0.4997491620233207, 0.49974975254299214, 0.49975027901318153, 0.49975072115248764, 0.49975105345158816, 0.4997512504214968, 0.49975129246845335, 0.499751169343771, 0.49975088021216474, 0.4997504320258953, 0.4997498383100249, 0.4997491184193494, 0.4997482963635002, 0.4997473989689563, 0.4997464541426525, 0.49974549002621854, 0.4997445344541686, 0.49974361337163187, 0.49974274870247026, 0.4997419575578944, 0.4997412529420009, 0.49974064470331675, 0.49974014034280045, 0.4997397461660221, 0.4997394686755023, 0.4997393154390058, 0.49973929468592343, 0.49973941402529437, 0.4997396793761084, 0.4997400945137931, 0.4997406607982728, 0.49974137680297903, 0.499742237940894, 0.4997432365932655, 0.49974436254238946, 0.49974560300180987, 0.49974694179604334, 0.4997483581986393, 0.4997498266239792, 0.4997513180361374, 0.4997528027096853, 0.49975425306147686, 0.49975564525320687, 0.49975695920681545, 0.49975817769116804, 0.4997592855150694, 0.49976026948977503, 0.4997611191675423, 0.49976182790989415, 0.4997623938651408, 0.49976282068221345, 0.4997631178940051, 0.499763300829626, 0.49976338990319813, 0.4997634093525651, 0.4997633854661526, 0.49976334447195964, 0.49976331084620246, 0.49976330664385105, 0.49976335126490784, 0.4997634609780438, 0.49976364886458124, 0.4997639255329819, 0.4997642995621397, 0.49976477755091836, 0.4997653648631722, 0.49976606697298015, 0.49976688975898803, 0.4997678380318338, 0.4997689130495803, 0.49977011035347607, 0.49977141869996666, 0.4997728202574026, 0.4997742921590706, 0.4997758094581339, 0.4997773488276942, 0.49977889158148897, 0.49978042495300146]
----------------------
