----------------------
:::::::::::::::::::::::::::::::::::::::::::::::::::::::::::::::::::::::::::::::
                                     Date and Time: 2025-02-19T16:23:37.593
:::::::::::::::::::::::::::::::::::::::::::::::::::::::::::::::::::::::::::::::
local boson: T = 0.1, alpha = 0.25, N_chain = 190, maxdim = 90, cutoff = -11, tau = 0.001, jump = 20, boson_dim = 13, omega = 5;
1.1749820129761678e-9;
3.125919709967e-5;
0.013629753227079341;
0.05040358664651932;
0.10635013406777385;
0.17576022318470236;
0.2531675186819779;
0.3334020303966593;
0.41263342112949375;
0.4887271151105949;
0.559806366707611;
0.6250928612596452;
0.6880275352779509;
0.7431850924322917;
0.783776693918989;
0.8275759594452562;
0.8666858766823774;
0.8985692514771221;
0.9305796864233117;
0.9594476984568041;
0.9801557896716091;
1.0035965047712592;
1.021869621940082;
1.042148111529067;
1.0581804071112006;
1.0731347166780667;
1.0871924103600907;
1.1030516151599743;
1.114488410536344;
1.1236035432048297;
1.1317015260519785;
1.1391353339539014;
1.1448764238945282;
1.152013986718566;
1.1597973642149835;
1.1676403874193053;
1.176221595520775;
1.1758308770730566;
1.1824160791961;
1.1885550870080814;
1.1917526604999282;
1.195879563067653;
1.2010799733341462;
1.2052885482053106;
1.2093338699969065;
1.2098851722659378;
1.214470588393364;
1.2156008777345586;
1.2195790878765067;
1.2228587319958057;
1.2274556152838942;
1.2299118875030186;
1.2330956286929902;
1.2349526052208437;
1.2375518006237969;
1.2373460948059911;
1.2389249174891337;
1.2416834089400497;
1.243760205512551;
1.2447253227205362;
1.246262332746269;
1.2474132489836876;
1.2481333956402445;
1.2504857869589865;
1.2533781613887645;
1.2541634491531564;
1.2550962970646606;
1.2557215206807564;
1.2577395915432048;
1.2597304225037653;
1.2601977025591888;
1.2617778674317277;
1.261502569854478;
1.2622581883692707;
1.2670624724108452;
1.2710088301893736;
1.2718734886412484;
1.2717257598623446;
1.2711756873888989;
1.271344877001296;
1.2715935606321889;
1.2715673863462373;
1.2729492014612263;
1.2742192991553363;
1.2758141444806512;
1.2755999535913891;
1.274424927510278;
1.2750514820157752;
1.2753537078471542;
1.2747766177454223;
1.277774890914795;
1.2774658329606794;
1.2736689437664506;
1.2755309063218787;
1.2779250479847342;
1.28096928501315;
1.2802422326441514;
1.2784645038939033;
1.2802935649882143;
1.2798605398982899;
1.2804879801865976;
1.2787837762279206;
