----------------------
:::::::::::::::::::::::::::::::::::::::::::::::::::::::::::::::::::::::::::::::
                                     Date and Time: 2025-02-19T16:23:37.600
:::::::::::::::::::::::::::::::::::::::::::::::::::::::::::::::::::::::::::::::
local boson: T = 0.1, alpha = 0.25, N_chain = 190, maxdim = 90, cutoff = -11, tau = 0.001, jump = 20, boson_dim = 13, omega = 5;
-2.2881926766925874e-19;
6.586729680011164e-13;
0.20292702502218576;
0.735390387007597;
1.5032911023874551;
2.3886911222311538;
3.2831499029316746;
4.108421646750684;
4.8212100470393136;
5.412509883774467;
5.882900129324454;
6.246484562474439;
6.556334775383912;
6.753230898060121;
6.85213625114201;
6.969825349765037;
7.011564273329304;
6.955935786350835;
7.019936676291764;
7.068500476029466;
6.971581048267334;
7.0450796388873025;
6.954203235894502;
7.0539521132091085;
7.049279036334715;
7.080490573043345;
7.145894144222309;
7.445627253096665;
7.476149920209556;
7.392209484440575;
7.101021408481802;
6.781383244909124;
6.5328904794156095;
6.2523895456451;
6.179273211328776;
6.057866220758499;
5.998431529849738;
5.8816474239015815;
5.779925840260644;
5.655656622392095;
5.51190078672478;
5.2812217274057485;
5.3062598621918955;
5.078429002455932;
5.075400974470986;
4.786803797829829;
4.753359963704568;
4.43309982276754;
4.321996718052969;
4.437743917754058;
4.4829913227096485;
4.386980003270695;
4.642079263674433;
4.908678179188577;
4.750548778362464;
4.517040773693145;
4.442382077701659;
4.369622296116022;
4.246508873044747;
4.115384702247941;
3.908789272323607;
3.7435281093683397;
3.6439940888145723;
3.631992579566639;
3.8461319553246764;
3.6889802717087203;
3.528288860416496;
3.4731604433233345;
3.4480777027707004;
3.5130478083483956;
3.366171779307579;
3.3096031692338004;
3.1712460485168603;
3.143917565555068;
3.515401912055824;
3.91941384684082;
3.7470172236302632;
3.583417860260793;
3.4169486357303436;
3.385199143954461;
3.4035909816580805;
3.3219472518615634;
3.2176478203466985;
3.2173446134397743;
3.5162400001856575;
3.2361301161823004;
3.140016309826451;
3.419702659409725;
3.1850041087977154;
2.9781187906710063;
3.439154085646962;
3.1309462233316996;
2.5947517599053476;
2.825297254026585;
2.9374635782515455;
3.2644370514921603;
3.080954132418233;
2.6875204292348585;
2.9723007240629906;
2.805356223034156;
2.8931246339054835;
2.738495492736248;
