----------------------
:::::::::::::::::::::::::::::::::::::::::::::::::::::::::::::::::::::::::::::::
                                     Date and Time: 2025-02-18T23:02:22.852
:::::::::::::::::::::::::::::::::::::::::::::::::::::::::::::::::::::::::::::::
local boson: T = 0.1, alpha = 1.25, N_chain = 190, maxdim = 100, cutoff = -11, tau = 0.001, jump = 20, omega_C = 5, boson_dim = 14;
0.5000000000000167;
0.49989998333516095;
0.4995997357436952;
0.49909877475183223;
0.49839685148877366;
0.4974940660218787;
0.49639057752908317;
0.4950867719267462;
0.4935832137959596;
0.4918805833047123;
0.4899796333009185;
0.4878813284788991;
0.4855869287611429;
0.48309792464921186;
0.480416004741831;
0.4775428897088425;
0.47448036744788497;
0.471230305003945;
0.46779463895127565;
0.46417537911171375;
0.4603745918513483;
0.45639440019198024;
0.45223698106840393;
0.4479045621275889;
0.4433994220633779;
0.43872388703040566;
0.4338803074839339;
0.42887109788682526;
0.4236987175753239;
0.41836565500647915;
0.4128744075422546;
0.40722755778425435;
0.4014277353706259;
0.39547756192078853;
0.389379680781396;
0.38313676907166677;
0.37675157819320804;
0.37022687257803605;
0.3635655905137922;
0.3567707068075721;
0.34984514592320476;
0.34279168861617443;
0.33561316776846783;
0.32831248424866;
0.3208925111182279;
0.31335624386001754;
0.3057067520712646;
0.29792810440284284;
0.29002334975740046;
0.28201470641415055;
0.27390531956452524;
0.26569842834156393;
0.25739734934704617;
0.24900542700986167;
0.24052609409743675;
0.23196279217881066;
0.22331889482609363;
0.21459790639173507;
0.2058033894571844;
0.19693890706320807;
0.18800789772738566;
0.17901376200997446;
0.16995996809002242;
0.16085004844372539;
0.15168760184400953;
0.14247624834760347;
0.13321870807903252;
0.12391811369142565;
0.11457819578056005;
0.10520278517245656;
0.0957958024506961;
0.08636128278740575;
0.07690324485408295;
0.06742577891457234;
0.05793300858650632;
0.04842905044870429;
0.038917878575679396;
0.02940367852400582;
0.019890101842249427;
0.010380376804539581;
0.0008774323195401426;
-0.008614801174277084;
-0.018093571904883067;
-0.027555645966033597;
-0.036997887629045594;
-0.04641604828839492;
-0.05580671135005537;
-0.06516626895039511;
-0.07449099037097377;
-0.08377706817360225;
-0.09302091859614295;
-0.10221758344062463;
-0.11136453898536247;
-0.12045878994040404;
-0.12949704338928486;
-0.13847523809822743;
-0.14738956356816768;
-0.15623805062530838;
-0.16501707223954454;
-0.17372283932934834;
-0.18235310260948728;
-0.1909030454964544;
-0.19937062845736603;
-0.20775210802097624;
-0.2160438772256532;
-0.22424298251243882;
-0.23234623798518136;
-0.24035091370812;
-0.24825428594852456;
-0.25605328105457065;
-0.26374439777578274;
-0.27132357904891874;
-0.27879050311941794;
-0.2861405459452205;
-0.29337142640953334;
-0.3004801812232194;
-0.30746443429334513;
-0.3143206663242951;
-0.32104675373290403;
-0.3276396133038109;
-0.3340975479006479;
-0.34041686411661576;
-0.34659682193993513;
-0.3526331393786537;
-0.3585241096796166;
-0.36426697057819396;
-0.369859525159517;
-0.3752994851609348;
-0.3805852637683297;
-0.3857142347792291;
-0.390684392068924;
-0.39549429474779824;
-0.4001431668224857;
-0.4046281660630327;
-0.40894816320107974;
-0.41310103168038104;
-0.41708552370896373;
-0.42089994734046315;
-0.424543282593681;
-0.4280139497847895;
-0.4313106045090669;
-0.43443226906475696;
-0.4373764623532954;
-0.44014344018903123;
-0.4427322275065407;
-0.4451415413072452;
-0.44737104762849617;
-0.4494199255283322;
-0.4512874973943052;
-0.4529732377487586;
-0.45447673770660024;
-0.4557981936822692;
-0.4569357023165214;
-0.4578894694753185;
-0.45865987065103336;
-0.4592452582579394;
-0.4596459810794551;
-0.4598629305304035;
-0.4598948629315434;
-0.4597419007977601;
-0.459405167047925;
-0.45888416241007995;
-0.4581793622332709;
-0.4572916839626617;
-0.4562212002551082;
-0.45496736678686606;
-0.45353214305896045;
-0.4519156395500542;
-0.4501190041263409;
-0.4481415176880045;
-0.44598554299026055;
-0.44365190151964573;
-0.44114137219675015;
-0.4384544864019634;
-0.43559245916067063;
-0.4325557577688798;
-0.429348271422179;
-0.42596983775831554;
-0.42242210205373387;
-0.41870609154527727;
-0.4148232541965915;
-0.41077453394596813;
-0.40656291478631507;
-0.4021903860807004;
-0.3976575809902727;
-0.3929667358915556;
-0.388119927296888;
-0.38311885434772797;
-0.3779661987569892;
-0.3726636790500368;
-0.36721304643509395;
-0.36161666358941763;
-0.3558773730793444;
-0.3499953108160979;
-0.3439744343002702;
-0.33781758700794734;
-0.3315263624406323;
-0.32510325869698387;
-0.31855037680646026;
-0.31187208299683067;
-0.3050692861576302;
-0.29814113214169863;
-0.2910909588946713;
-0.28392578410997943;
-0.2766467359513789;
-0.2692562466560402;
-0.26175747173491265;
-0.2541525554101843;
-0.2464443114376875;
-0.23863520636687097;
-0.23072800163124313;
-0.2227264646989889;
-0.21463379542997849;
-0.20645116084281281;
-0.19818011999986337;
-0.18982663954352472;
-0.181395425188446;
-0.17289056846868536;
-0.164314194940926;
-0.1556701155368805;
-0.14696368269766907;
-0.13819652343762193;
-0.1293719690484861;
-0.12049439658160702;
-0.11156666541142467;
-0.10259226767557292;
-0.0935745357789822;
-0.08451671382646461;
-0.07542180283701008;
-0.06629460467447806;
-0.0571391347935092;
-0.04795799245088359;
-0.038755145011772546;
-0.02953537887668248;
-0.020302439713556338;
-0.011059090990712209;
-0.0018093575400335103;
0.007442048652064819;
0.016692604123059125;
0.025939182460749593;
0.03517714587539111;
0.04440347240065917;
0.053614780873742114;
0.06280762800726014;
0.07197985290569192;
0.08112722915155887;
0.0902467231168841;
0.09933417219175004;
0.10838718285645096;
0.11740041614397063;
0.12636960330144123;
0.13529333506310762;
0.1441679274672204;
0.15298883696617327;
0.1617514209506364;
0.17045493747500848;
0.17909570975554706;
0.1876685272127069;
0.19617054515107663;
0.20460190243676232;
0.21295329063246204;
0.22122503868289775;
0.22941056757040101;
0.23751132177937834;
0.24552199661675533;
0.25343901380174966;
0.26125908892421607;
0.2689818484819132;
0.2766002208057754;
0.2841147323971127;
0.29151907171448743;
0.29881286359328757;
0.3059925375648802;
0.3130545228907307;
0.31999486406547273;
0.3268155126068816;
0.3335093565001878;
0.340075356989424;
0.34650940701983685;
0.35281406426857986;
0.35898244884986713;
0.36501366577942224;
0.3709054797052042;
0.3766558598169075;
0.38226111755737757;
0.3877173570277921;
0.3930233008483296;
0.39817859566791836;
0.40317912807174233;
0.40802368960847674;
0.41271188538453313;
0.4172410683995969;
0.4216089918108157;
0.42581193194199735;
0.429851288707528;
0.4337242122219204;
0.4374266332890454;
0.44095999110029255;
0.44432447937351294;
0.44751943779139863;
0.450541485129593;
0.4533904190369546;
0.45606249522076187;
0.4585589000152316;
0.4608757254510653;
0.4630142181500346;
0.46497417193903473;
0.4667519545103589;
0.4683535357004312;
0.4697781516118473;
0.47102268289005667;
0.472085089827169;
0.4729634957893029;
0.47366049503070456;
0.47417679201986584;
0.4745105561790691;
0.4746626868664759;
0.47463878194567455;
0.4744285901514961;
0.4740359052577663;
0.47346893168015214;
0.47272560994844054;
0.471797662855609;
0.4706893906911951;
0.469404112371085;
0.46793905059308316;
0.4662914637592669;
0.4644676776330302;
0.4624641590470381;
0.4602895776139629;
0.45793737504160636;
0.45541205511697225;
0.4527162328684415;
0.44985186158087653;
0.4468125488646748;
0.44360462385272703;
0.44022895490131436;
0.43668433733396456;
0.432971992257604;
0.42909256662611467;
0.4250493344512303;
0.42084611630555685;
0.41648307004608737;
0.4119663229678639;
0.40729163640918253;
0.40246917837339613;
0.39749923575554785;
0.39238491463216324;
0.38712675389422485;
0.38172409961990733;
0.37617692829923566;
0.37048276599699403;
0.36464659049275605;
0.358667743467873;
0.35254582395936745;
0.34628715932191645;
0.3398986829724803;
0.3333847449017717;
0.32675044629263444;
0.3200051777179148;
0.31314586595929;
0.3061790186668422;
0.2991047708810717;
0.2919204534724157;
0.28463165804793317;
0.27723644001946096;
0.26972995310918974;
0.2621146432669276;
0.25439370349982987;
0.24656931950226169;
0.23864522711877617;
0.23063289661345324;
0.22254120212884204;
0.21437319433468527;
0.20613425097288632;
0.1978349692764675;
0.1894814506354059;
0.18107565058244351;
0.17261664529392864;
0.16410561685390657;
0.1555384221233979;
0.1469116181717338;
0.13822497551326995;
0.12947744343353676;
0.12066924730377832;
0.11180699236829549;
0.10289499002444819;
0.09393906368761808;
0.08494926274467131;
0.07593404477669355;
0.06690419307702028;
0.05786891912297645;
0.04883596350516408;
0.039809569815462825;
0.030792942760899503;
0.021790113396632626;
0.01280013361510145;
0.003819052817232175;
-0.005155145360195242;
-0.014125863318780574;
-0.023094327410382965;
-0.03206333987614884;
-0.041031427405003526;
-0.049995375320541234;
-0.0589491724990721;
-0.06788793455969404;
-0.07680186855937524;
-0.08568201646582217;
-0.09451969765685901;
-0.1033054314529423;
-0.11202870832917766;
-0.12068107200352408;
-0.12925892297750988;
-0.13775627102161975;
-0.14617122552973857;
-0.15450431821226027;
-0.16275774386135688;
-0.1709369173478551;
-0.17904017114230664;
-0.18707305140587493;
-0.1950378448656831;
-0.2029355612374818;
-0.21076507710090042;
-0.2185255569608993;
-0.22621348688754112;
-0.23382290494525718;
-0.2413458327513672;
-0.24877879382425383;
-0.2561105214651004;
-0.2633338220977835;
-0.27043992831277475;
