----------------------
:::::::::::::::::::::::::::::::::::::::::::::::::::::::::::::::::::::::::::::::
                                     Date and Time: 2025-02-18T13:10:19.757
:::::::::::::::::::::::::::::::::::::::::::::::::::::::::::::::::::::::::::::::
local boson: T = 0.1, alpha = 0.25, N_chain = 190, maxdim = 90, cutoff = -11, tau = 0.001, jump = 20, omega_C = 5, boson_dim = 12;
0.5000000000000052;
0.4999997500000096;
0.49988974918872975;
0.4995797388466543;
0.4990697042766943;
0.49835964637061037;
0.49744961011451666;
0.4963398238330686;
0.49503071285719497;
0.49352295384310213;
0.49181744899289326;
0.48991504534824803;
0.4878166640355552;
0.48552324318156126;
0.48303574818193695;
0.480355194808402;
0.4774826018166343;
0.47441914763986254;
0.4711662183815237;
0.4677252971493241;
0.46409794680355637;
0.4602857989692526;
0.45629047440467385;
0.4521136827155544;
0.4477571947225397;
0.44322286531216987;
0.4385126114165519;
0.43362841243016115;
0.42857231241787025;
0.4233464196618445;
0.417952905739376;
0.41239400676985916;
0.4066720100013882;
0.400789271583303;
0.39474820607068334;
0.38855128917397896;
0.3822010415331071;
0.37570004121825507;
0.36905093633839753;
0.36225640772844364;
0.35531918883092223;
0.3482421062383158;
0.3410280230076684;
0.3336798577138106;
0.32620057597440977;
0.31859313974567094;
0.3108605777145166;
0.3030059794840179;
0.29503246782113574;
0.28694320141776464;
0.27874138547634786;
0.2704302981063916;
0.2620132394839654;
0.2534935322821472;
0.24487457519134428;
0.23615975867098898;
0.2273524972399429;
0.21845628549788612;
0.20947465194958367;
0.2004111424279848;
0.19126937710771932;
0.18205298537367662;
0.17276561017550318;
0.16341087785694922;
0.15399249945415827;
0.14451419104262722;
0.134979698582985;
0.12539275040444567;
0.1157570570503476;
0.10607640356214415;
0.09635451703327538;
0.08659523341418948;
0.07680238697735818;
0.06697981669803231;
0.057131392623718996;
0.04726099468760983;
0.03737246258208456;
0.02746978563435997;
0.017556798637298334;
0.00763743944158742;
-0.0022843750460602593;
-0.012204778515529681;
-0.022119915736507224;
-0.03202582964373724;
-0.041918579784307276;
-0.051794374610759746;
-0.06164928205466474;
-0.07147940188594311;
-0.08128085556534907;
-0.09104971737653883;
-0.10078226014102301;
-0.11047465326125426;
-0.12012312470853487;
-0.12972387417588427;
-0.13927309924515904;
-0.14876698364389668;
-0.1582016917634658;
-0.16757355331758228;
-0.17687875169325168;
-0.18611362249381708;
-0.19527451087650297;
-0.20435779938612325;
-0.21335999519768284;
-0.22227749807588443;
-0.23110668981032803;
-0.23984399906687237;
-0.248485937125801;
-0.25702907344572;
-0.2654700100272252;
-0.27380536087480095;
-0.2820317982659801;
-0.29014590491756065;
-0.29814435605337974;
-0.3060238827185993;
-0.3137812172411708;
-0.3214131530455736;
-0.328916565125708;
-0.33628842978430085;
-0.3435258589276504;
-0.3506259400563816;
-0.3575859721808534;
-0.3644031611877552;
-0.3710747407225223;
-0.3775979278149507;
-0.38396997777301256;
-0.3901881837668988;
-0.3962498930918383;
-0.40215261916273254;
-0.4078940329544244;
-0.41347176876030023;
-0.4188835369212311;
-0.42412716160011266;
-0.4292005674120249;
-0.4341017247823928;
-0.43882858932532026;
-0.4433792234071842;
-0.4477517297368872;
-0.45194430509040706;
-0.45595522792376253;
-0.4597827672008974;
-0.4634253972208492;
-0.4668815811446475;
-0.47014986085578553;
-0.47322883814186406;
-0.47611715300161905;
-0.47881350543749446;
-0.4813167344784634;
-0.48362579654462184;
-0.48573973932139186;
-0.48765768532406284;
-0.4893788954680517;
-0.4909026795601044;
-0.49222842433235636;
-0.49335555826085753;
-0.49428358658777705;
-0.49501209067427815;
-0.4955407618199409;
-0.49586938334601;
-0.49599781621980993;
-0.4959260082265138;
-0.49565403039753797;
-0.49518211980633103;
-0.4945105240433926;
-0.4936395853426059;
-0.49256971096861124;
-0.4913013709137827;
-0.48983509423691896;
-0.48817149614309546;
-0.48631126264040114;
-0.48425515666442137;
-0.4820040448492991;
-0.4795587959008245;
-0.4769203813984091;
-0.4740898804292732;
-0.4710684962726718;
-0.4678574983189465;
-0.4644583208090029;
-0.4608724938148908;
-0.45710148414266;
-0.4531469542587937;
-0.4490105966937377;
-0.44469415687226255;
-0.4401993190730309;
-0.4355280411956014;
-0.4306822883291193;
-0.42566411408023264;
-0.42047559054034434;
-0.41511881102774667;
-0.40959593075045003;
-0.403909169367603;
-0.3980608018034924;
-0.392053091580185;
-0.38588856086117546;
-0.37956971955003416;
-0.37309919173516565;
-0.36647968393294833;
-0.35971386530131455;
-0.3528045724735157;
-0.3457545545528158;
-0.33856683626942774;
-0.33124428620389856;
-0.3237898230377611;
-0.3162064836998416;
-0.3084973069633157;
-0.300665563723165;
-0.29271447386561184;
-0.2846472716293947;
-0.27646713603002343;
-0.2681774297652571;
-0.25978158672447826;
-0.25128298730900145;
-0.24268493536345154;
-0.23399095492970576;
-0.2252044360390817;
-0.2163288723357761;
-0.2073676776778784;
-0.19832421567460123;
-0.18920215653301126;
-0.1800051327883936;
-0.17073687571016244;
-0.1614012467841174;
-0.15200198499028664;
-0.14254287781436328;
-0.13302755448593914;
-0.12346005947673638;
-0.11384392395963062;
-0.10418302698846627;
-0.09448119076880167;
-0.0847421677918233;
-0.07496972868560486;
-0.06516777019722583;
-0.05534006097635517;
-0.045490363392844645;
-0.03562260441598041;
-0.025740836954913044;
-0.015848920814846148;
-0.0059507969978390566;
0.003949658457663349;
0.01384828714675213;
0.023741446964296174;
0.03362547499210769;
0.043495969648895516;
0.053349209604846404;
0.06318155512680843;
0.07298903005565559;
0.0827676190390775;
0.09251320625725412;
0.10222250645859157;
0.11189196381726732;
0.12151689398167466;
0.1310936335750285;
0.14061885787426376;
0.150088541187007;
0.15949916342373188;
0.16884714242331506;
0.17812878284253642;
0.18734043731191222;
0.19647848967023074;
0.20553914446621374;
0.2145190028830129;
0.22341457528675762;
0.232222142604315;
0.24093831263059245;
0.2495597037360509;
0.25808274112335;
0.2665040964148814;
0.27482036610911087;
0.2830283039020277;
0.29112466581173113;
0.29910646131357854;
0.3069704364629688;
0.3147133932702955;
0.32233215313187136;
0.3298239170316519;
0.33718547597749304;
0.34441374600062247;
0.35150608324411314;
0.3584598097815134;
0.36527229626065716;
0.3719408754450515;
0.3784628214350652;
0.3848359523078478;
0.3910569728101651;
0.3971227134791155;
0.4030314325514266;
0.4087807982598157;
0.41436844870514006;
0.4197921750510494;
0.4250497815269467;
0.4301391839943852;
0.435058229133804;
0.4398045015089855;
0.4443764921901662;
0.44877229054202583;
0.4529901352848021;
0.45702829796210287;
0.4608851766050437;
0.4645592140038605;
0.4680487695179914;
0.4713525251213522;
0.47446918564003515;
0.47739766787561183;
0.4801367062133249;
0.4826854817951093;
0.4850429977918137;
0.48720822490188775;
0.4891804543778637;
0.4909587959997382;
0.4925425271704784;
0.4939308135757818;
0.4951231006176583;
0.49611885647276344;
0.4969176009699913;
0.4975189888876087;
0.4979227664449028;
0.49812875083566743;
0.49813687268632245;
0.49794712188591483;
0.49755957422168356;
0.4969744430174667;
0.49619190228839116;
0.4952122116738183;
0.49403585632102603;
0.49266331585796685;
0.49109509927381173;
0.4893318062370594;
0.4873743086468726;
0.4852233823133225;
0.4828798883818558;
0.48034482092691155;
0.47761926249871006;
0.4747042346567911;
0.47160088696739033;
0.4683104282518151;
0.4648342608821858;
0.461173979015419;
0.4573312844438289;
0.4533076781568208;
0.4491049516578372;
0.44472473344071206;
0.44016902292572624;
0.43543878149801746;
0.43053599832840933;
0.42546231545362667;
0.4202197195190529;
0.4148103571506266;
0.40923641341976846;
0.40350059311854747;
0.3976057874232918;
0.3915546659473871;
0.3853500155539342;
0.3789944110849997;
0.3724897822162985;
0.3658386265897713;
0.35904339845226707;
0.3521058652069839;
0.34502850004394414;
0.3378138550209012;
0.3304647524523738;
0.3229845168520829;
0.31537676443822876;
0.3076451220426486;
0.2997933303689893;
0.29182509570440057;
0.28374392418238154;
0.27555270781005653;
0.26725447814905884;
0.25885189794403846;
0.250347403144066;
0.24174361195387703;
0.23304344482325262;
0.22424975497424277;
0.21536610500360165;
0.20639648647769193;
0.19734502984982613;
0.18821610672819275;
0.17901511875425832;
0.16974484350354768;
0.1604102226327905;
0.15101550992604845;
0.14156418142142702;
0.13205963783761673;
0.12250450184090178;
0.112901767631128;
0.10325390719153178;
0.09356389492371041;
0.08383488314133315;
0.0740702100521403;
0.06427378892406674;
0.054450213969181864;
0.044604063859093414;
0.034740338620795924;
0.02486386750877444;
0.014979671137393163;
0.0050928492166445296;
-0.004792372387319419;
-0.014672127199558793;
-0.024542929490343923;
-0.03440171761348009;
-0.04424542171657491;
-0.05407140312111367;
-0.06387713434154813;
-0.07365940684085642;
-0.08341559189432758;
-0.09314213332855784;
-0.10283543798588239;
-0.11249096047337478;
-0.12210456833725492;
-0.131671146896581;
-0.14118537248419913;
-0.15064209725231897;
-0.1600370025727449;
-0.16936567367620195;
-0.1786238887834335;
-0.1878070226896089;
-0.19691220183761218;
-0.20593650008457995;
-0.21487724678591918;
-0.22373205190915335;
-0.23249852610600058;
-0.24117408303451984;
-0.2497559887279745;
-0.25824150807444174;
-0.2666276264268423;
-0.27491089067225527;
-0.28308778394089196;
-0.2911544314535744;
-0.2991067568606302;
-0.3069407273691336;
-0.31465223167062223;
-0.32223734951663446;
-0.3296922964991699;
-0.33701367024522055;
-0.34419832694208247;
-0.35124335767565557;
-0.3581462474784143;
-0.36490470089065574;
-0.37151632428718956;
-0.37797918606093245;
-0.3842912182585842;
-0.39045063543172;
-0.39645542082023977;
-0.40230335932112726;
-0.4079924455595017;
-0.41352050757335695;
-0.4188850862088386;
-0.42408369131339757;
-0.4291139350640829;
-0.43397332988904946;
-0.4386593953123309;
-0.44316982235013996;
-0.447502433806365;
-0.4516552399676627;
-0.4556261913636274;
-0.4594135975139869;
-0.46301600650306407;
-0.4664319319550858;
-0.46966012453628325;
-0.4726994616806464;
-0.47554895630506483;
-0.47820769894093973;
-0.48067491815940144;
-0.48294981665275794;
-0.4850315050605533;
-0.48691922436413626;
-0.48861213560481587;
-0.49010949451659375;
-0.49141060908492035;
-0.49251495833865877;
-0.4934220304986226;
-0.49413137156787856;
-0.4946426557011346;
-0.4949556695621349;
-0.4950702216694088;
-0.4949862062401105;
-0.4947037076787293;
-0.4942228000741785;
-0.4935436721075102;
-0.4926665553036384;
-0.4915917752516285;
-0.49031980427737004;
-0.48885119121550297;
-0.4871864981645399;
-0.4853263746345597;
-0.48327154146954593;
-0.4810227516745416;
-0.47858088149960915;
-0.4759469814869698;
-0.47312210982417496;
-0.4701074617197424;
-0.4669042783420466;
-0.46351400685551314;
-0.4599383709688971;
-0.45617901056052995;
-0.4522379515939278;
-0.44811694396954693;
-0.44381810264785887;
-0.43934349188874167;
-0.43469518419060316;
-0.42987518114910256;
-0.42488561350514226;
Date and Time: 2025-02-19T08:29:23.088
Output: local boson: T = 0.1, alpha = 0.25, N_chain = 190, maxdim = 90, cutoff = -11, tau = 0.001, omega_C = 5, boson_dim = 12
[0.5000000000000052, 0.4999997500000096, 0.49988974918872975, 0.4995797388466543, 0.4990697042766943, 0.49835964637061037, 0.49744961011451666, 0.4963398238330686, 0.49503071285719497, 0.49352295384310213, 0.49181744899289326, 0.48991504534824803, 0.4878166640355552, 0.48552324318156126, 0.48303574818193695, 0.480355194808402, 0.4774826018166343, 0.47441914763986254, 0.4711662183815237, 0.4677252971493241, 0.46409794680355637, 0.4602857989692526, 0.45629047440467385, 0.4521136827155544, 0.4477571947225397, 0.44322286531216987, 0.4385126114165519, 0.43362841243016115, 0.42857231241787025, 0.4233464196618445, 0.417952905739376, 0.41239400676985916, 0.4066720100013882, 0.400789271583303, 0.39474820607068334, 0.38855128917397896, 0.3822010415331071, 0.37570004121825507, 0.36905093633839753, 0.36225640772844364, 0.35531918883092223, 0.3482421062383158, 0.3410280230076684, 0.3336798577138106, 0.32620057597440977, 0.31859313974567094, 0.3108605777145166, 0.3030059794840179, 0.29503246782113574, 0.28694320141776464, 0.27874138547634786, 0.2704302981063916, 0.2620132394839654, 0.2534935322821472, 0.24487457519134428, 0.23615975867098898, 0.2273524972399429, 0.21845628549788612, 0.20947465194958367, 0.2004111424279848, 0.19126937710771932, 0.18205298537367662, 0.17276561017550318, 0.16341087785694922, 0.15399249945415827, 0.14451419104262722, 0.134979698582985, 0.12539275040444567, 0.1157570570503476, 0.10607640356214415, 0.09635451703327538, 0.08659523341418948, 0.07680238697735818, 0.06697981669803231, 0.057131392623718996, 0.04726099468760983, 0.03737246258208456, 0.02746978563435997, 0.017556798637298334, 0.00763743944158742, -0.0022843750460602593, -0.012204778515529681, -0.022119915736507224, -0.03202582964373724, -0.041918579784307276, -0.051794374610759746, -0.06164928205466474, -0.07147940188594311, -0.08128085556534907, -0.09104971737653883, -0.10078226014102301, -0.11047465326125426, -0.12012312470853487, -0.12972387417588427, -0.13927309924515904, -0.14876698364389668, -0.1582016917634658, -0.16757355331758228, -0.17687875169325168, -0.18611362249381708, -0.19527451087650297, -0.20435779938612325, -0.21335999519768284, -0.22227749807588443, -0.23110668981032803, -0.23984399906687237, -0.248485937125801, -0.25702907344572, -0.2654700100272252, -0.27380536087480095, -0.2820317982659801, -0.29014590491756065, -0.29814435605337974, -0.3060238827185993, -0.3137812172411708, -0.3214131530455736, -0.328916565125708, -0.33628842978430085, -0.3435258589276504, -0.3506259400563816, -0.3575859721808534, -0.3644031611877552, -0.3710747407225223, -0.3775979278149507, -0.38396997777301256, -0.3901881837668988, -0.3962498930918383, -0.40215261916273254, -0.4078940329544244, -0.41347176876030023, -0.4188835369212311, -0.42412716160011266, -0.4292005674120249, -0.4341017247823928, -0.43882858932532026, -0.4433792234071842, -0.4477517297368872, -0.45194430509040706, -0.45595522792376253, -0.4597827672008974, -0.4634253972208492, -0.4668815811446475, -0.47014986085578553, -0.47322883814186406, -0.47611715300161905, -0.47881350543749446, -0.4813167344784634, -0.48362579654462184, -0.48573973932139186, -0.48765768532406284, -0.4893788954680517, -0.4909026795601044, -0.49222842433235636, -0.49335555826085753, -0.49428358658777705, -0.49501209067427815, -0.4955407618199409, -0.49586938334601, -0.49599781621980993, -0.4959260082265138, -0.49565403039753797, -0.49518211980633103, -0.4945105240433926, -0.4936395853426059, -0.49256971096861124, -0.4913013709137827, -0.48983509423691896, -0.48817149614309546, -0.48631126264040114, -0.48425515666442137, -0.4820040448492991, -0.4795587959008245, -0.4769203813984091, -0.4740898804292732, -0.4710684962726718, -0.4678574983189465, -0.4644583208090029, -0.4608724938148908, -0.45710148414266, -0.4531469542587937, -0.4490105966937377, -0.44469415687226255, -0.4401993190730309, -0.4355280411956014, -0.4306822883291193, -0.42566411408023264, -0.42047559054034434, -0.41511881102774667, -0.40959593075045003, -0.403909169367603, -0.3980608018034924, -0.392053091580185, -0.38588856086117546, -0.37956971955003416, -0.37309919173516565, -0.36647968393294833, -0.35971386530131455, -0.3528045724735157, -0.3457545545528158, -0.33856683626942774, -0.33124428620389856, -0.3237898230377611, -0.3162064836998416, -0.3084973069633157, -0.300665563723165, -0.29271447386561184, -0.2846472716293947, -0.27646713603002343, -0.2681774297652571, -0.25978158672447826, -0.25128298730900145, -0.24268493536345154, -0.23399095492970576, -0.2252044360390817, -0.2163288723357761, -0.2073676776778784, -0.19832421567460123, -0.18920215653301126, -0.1800051327883936, -0.17073687571016244, -0.1614012467841174, -0.15200198499028664, -0.14254287781436328, -0.13302755448593914, -0.12346005947673638, -0.11384392395963062, -0.10418302698846627, -0.09448119076880167, -0.0847421677918233, -0.07496972868560486, -0.06516777019722583, -0.05534006097635517, -0.045490363392844645, -0.03562260441598041, -0.025740836954913044, -0.015848920814846148, -0.0059507969978390566, 0.003949658457663349, 0.01384828714675213, 0.023741446964296174, 0.03362547499210769, 0.043495969648895516, 0.053349209604846404, 0.06318155512680843, 0.07298903005565559, 0.0827676190390775, 0.09251320625725412, 0.10222250645859157, 0.11189196381726732, 0.12151689398167466, 0.1310936335750285, 0.14061885787426376, 0.150088541187007, 0.15949916342373188, 0.16884714242331506, 0.17812878284253642, 0.18734043731191222, 0.19647848967023074, 0.20553914446621374, 0.2145190028830129, 0.22341457528675762, 0.232222142604315, 0.24093831263059245, 0.2495597037360509, 0.25808274112335, 0.2665040964148814, 0.27482036610911087, 0.2830283039020277, 0.29112466581173113, 0.29910646131357854, 0.3069704364629688, 0.3147133932702955, 0.32233215313187136, 0.3298239170316519, 0.33718547597749304, 0.34441374600062247, 0.35150608324411314, 0.3584598097815134, 0.36527229626065716, 0.3719408754450515, 0.3784628214350652, 0.3848359523078478, 0.3910569728101651, 0.3971227134791155, 0.4030314325514266, 0.4087807982598157, 0.41436844870514006, 0.4197921750510494, 0.4250497815269467, 0.4301391839943852, 0.435058229133804, 0.4398045015089855, 0.4443764921901662, 0.44877229054202583, 0.4529901352848021, 0.45702829796210287, 0.4608851766050437, 0.4645592140038605, 0.4680487695179914, 0.4713525251213522, 0.47446918564003515, 0.47739766787561183, 0.4801367062133249, 0.4826854817951093, 0.4850429977918137, 0.48720822490188775, 0.4891804543778637, 0.4909587959997382, 0.4925425271704784, 0.4939308135757818, 0.4951231006176583, 0.49611885647276344, 0.4969176009699913, 0.4975189888876087, 0.4979227664449028, 0.49812875083566743, 0.49813687268632245, 0.49794712188591483, 0.49755957422168356, 0.4969744430174667, 0.49619190228839116, 0.4952122116738183, 0.49403585632102603, 0.49266331585796685, 0.49109509927381173, 0.4893318062370594, 0.4873743086468726, 0.4852233823133225, 0.4828798883818558, 0.48034482092691155, 0.47761926249871006, 0.4747042346567911, 0.47160088696739033, 0.4683104282518151, 0.4648342608821858, 0.461173979015419, 0.4573312844438289, 0.4533076781568208, 0.4491049516578372, 0.44472473344071206, 0.44016902292572624, 0.43543878149801746, 0.43053599832840933, 0.42546231545362667, 0.4202197195190529, 0.4148103571506266, 0.40923641341976846, 0.40350059311854747, 0.3976057874232918, 0.3915546659473871, 0.3853500155539342, 0.3789944110849997, 0.3724897822162985, 0.3658386265897713, 0.35904339845226707, 0.3521058652069839, 0.34502850004394414, 0.3378138550209012, 0.3304647524523738, 0.3229845168520829, 0.31537676443822876, 0.3076451220426486, 0.2997933303689893, 0.29182509570440057, 0.28374392418238154, 0.27555270781005653, 0.26725447814905884, 0.25885189794403846, 0.250347403144066, 0.24174361195387703, 0.23304344482325262, 0.22424975497424277, 0.21536610500360165, 0.20639648647769193, 0.19734502984982613, 0.18821610672819275, 0.17901511875425832, 0.16974484350354768, 0.1604102226327905, 0.15101550992604845, 0.14156418142142702, 0.13205963783761673, 0.12250450184090178, 0.112901767631128, 0.10325390719153178, 0.09356389492371041, 0.08383488314133315, 0.0740702100521403, 0.06427378892406674, 0.054450213969181864, 0.044604063859093414, 0.034740338620795924, 0.02486386750877444, 0.014979671137393163, 0.0050928492166445296, -0.004792372387319419, -0.014672127199558793, -0.024542929490343923, -0.03440171761348009, -0.04424542171657491, -0.05407140312111367, -0.06387713434154813, -0.07365940684085642, -0.08341559189432758, -0.09314213332855784, -0.10283543798588239, -0.11249096047337478, -0.12210456833725492, -0.131671146896581, -0.14118537248419913, -0.15064209725231897, -0.1600370025727449, -0.16936567367620195, -0.1786238887834335, -0.1878070226896089, -0.19691220183761218, -0.20593650008457995, -0.21487724678591918, -0.22373205190915335, -0.23249852610600058, -0.24117408303451984, -0.2497559887279745, -0.25824150807444174, -0.2666276264268423, -0.27491089067225527, -0.28308778394089196, -0.2911544314535744, -0.2991067568606302, -0.3069407273691336, -0.31465223167062223, -0.32223734951663446, -0.3296922964991699, -0.33701367024522055, -0.34419832694208247, -0.35124335767565557, -0.3581462474784143, -0.36490470089065574, -0.37151632428718956, -0.37797918606093245, -0.3842912182585842, -0.39045063543172, -0.39645542082023977, -0.40230335932112726, -0.4079924455595017, -0.41352050757335695, -0.4188850862088386, -0.42408369131339757, -0.4291139350640829, -0.43397332988904946, -0.4386593953123309, -0.44316982235013996, -0.447502433806365, -0.4516552399676627, -0.4556261913636274, -0.4594135975139869, -0.46301600650306407, -0.4664319319550858, -0.46966012453628325, -0.4726994616806464, -0.47554895630506483, -0.47820769894093973, -0.48067491815940144, -0.48294981665275794, -0.4850315050605533, -0.48691922436413626, -0.48861213560481587, -0.49010949451659375, -0.49141060908492035, -0.49251495833865877, -0.4934220304986226, -0.49413137156787856, -0.4946426557011346, -0.4949556695621349, -0.4950702216694088, -0.4949862062401105, -0.4947037076787293, -0.4942228000741785, -0.4935436721075102, -0.4926665553036384, -0.4915917752516285, -0.49031980427737004, -0.48885119121550297, -0.4871864981645399, -0.4853263746345597, -0.48327154146954593, -0.4810227516745416, -0.47858088149960915, -0.4759469814869698, -0.47312210982417496, -0.4701074617197424, -0.4669042783420466, -0.46351400685551314, -0.4599383709688971, -0.45617901056052995, -0.4522379515939278, -0.44811694396954693, -0.44381810264785887, -0.43934349188874167, -0.43469518419060316, -0.42987518114910256, -0.42488561350514226]
----------------------
