----------------------
:::::::::::::::::::::::::::::::::::::::::::::::::::::::::::::::::::::::::::::::
                                     Date and Time: 2025-02-20T19:33:01.165
:::::::::::::::::::::::::::::::::::::::::::::::::::::::::::::::::::::::::::::::
local boson: T = 0.1, alpha = 0.25, N_chain = 190, maxdim = 90, cutoff = -11, tau = 0.001, jump = 20, omega_C = 5, boson_dim = 12;
0.5000000000000024;
----------------------
:::::::::::::::::::::::::::::::::::::::::::::::::::::::::::::::::::::::::::::::
                                     Date and Time: 2025-02-20T19:35:05.240
:::::::::::::::::::::::::::::::::::::::::::::::::::::::::::::::::::::::::::::::
local boson: T = 0.1, alpha = 0.1, N_chain = 190, maxdim = 90, cutoff = -11, tau = 0.001, jump = 20, omega_C = 5, boson_dim = 12;
0.5000000000000024;
0.4999999992009577;
0.49999964819402204;
0.4999986652947367;
0.4999970730052478;
0.49999490853431;
0.4999922150389684;
0.49998903498206115;
0.4999854061667609;
0.4999813617308708;
0.4999769304576275;
0.49997213649642197;
0.499966999270239;
0.49996153414547345;
0.4999557532503479;
0.49994966619685827;
0.4999432806213179;
0.49993660270146284;
0.49992963753762165;
0.4999223894627646;
0.49991486228166326;
0.49990705944236813;
0.4998989841345374;
0.49989063942945;
0.4998820283639984;
0.4998731539413466;
0.49986401925306356;
0.4998546274991477;
0.4998449819794393;
0.4998350860560612;
0.49982494333313443;
0.4998145574150715;
0.49980393215956564;
0.49979307154397656;
0.4997819797556477;
0.4997706611341012;
0.49975912016615975;
0.4997473614842004;
0.49973538951673846;
0.49972320889916727;
0.4997108249746229;
0.49969824382663036;
0.4996854714570295;
0.4996725133041388;
0.4996593742413196;
0.49964605882578556;
0.4996325718222474;
0.4996189186253587;
0.49960510534579705;
0.4995911382140762;
0.49957702266512716;
0.4995627623668718;
0.49954835945882364;
0.49953381612242764;
0.4995191362211592;
0.49950432683144524;
0.49948939944585813;
0.4994743691890768;
0.4994592526513931;
0.4994440654474282;
0.49942881971189246;
0.49941352339357364;
0.49939818095512467;
0.49938279484025283;
0.49936736796556136;
0.49935190595826223;
0.49933641749376734;
0.49932091346476254;
0.4993054039986188;
0.4992898956621784;
0.4992743910969675;
0.49925889057519146;
0.4992433947090578;
0.49922790664528427;
0.49921243181504926;
0.4991969769049945;
0.499181546578775;
0.4991661407512407;
0.4991507545723142;
0.49913538162929993;
0.49912001794855787;
0.4991046656385836;
0.49908933248846116;
0.49907402921004956;
0.4990587653087746;
0.49904354571566567;
0.49902837120978744;
0.49901324201169134;
0.4989981624811738;
0.49898314326768367;
0.4989682006786254;
0.49895335281159126;
0.4989386166457068;
0.4989240083568526;
0.49890954556938366;
0.49889525103637083;
0.4988811533405458;
0.4988672843187236;
0.49885367568526284;
0.4988403560394432;
0.4988273515806255;
0.49881468650709204;
0.498802384070546;
0.49879046711744823;
0.49877895722460697;
0.49876787280880375;
0.4987572255471736;
0.498747019549428;
0.49873725053398393;
0.4987279005935516;
0.49871893084461727;
0.498710294225441;
0.498701961584558;
0.4986939301182294;
0.4986862041241949;
0.4986787644327192;
0.4986715504738853;
0.49866446573623613;
0.4986574016771773;
0.4986502721049408;
0.49864304430946355;
0.49863573746644396;
0.4986283881525211;
0.4986210113815744;
0.4986135863138106;
0.49860607533192075;
0.49859846326653207;
0.4985907805046039;
0.4985830901289673;
0.498575464699033;
0.49856798149189396;
0.4985607318439867;
0.49855382273213106;
0.49854736515703757;
0.4985414588923911;
0.4985361869771637;
0.4985316227416088;
0.4985278340747821;
0.4985248693942597;
0.49852273916100653;
0.4985214196604044;
0.498520876708245;
0.4985210874487817;
0.49852203990783694;
0.4985237049961267;
0.4985260064713251;
0.4985288245495532;
0.49853202729942175;
0.4985354921306139;
0.49853910224593173;
0.4985427277296895;
0.49854621731760695;
0.49854942455029555;
0.49855225336521647;
0.49855467687235633;
0.49855671750039254;
0.4985584264554441;
0.49855988539962426;
0.49856121360831884;
0.4985625591219421;
0.49856407918677925;
0.498565924383453;
0.4985682400968155;
0.4985711783507232;
0.49857488789362714;
0.4985794719543913;
0.49858496236835026;
0.4985913441153413;
0.49859858602497636;
0.49860663127447585;
0.49861537446942467;
0.4986246692790463;
0.4986343528481526;
0.4986442510475404;
0.4986541749653815;
0.4986639360817995;
0.49867337960061203;
0.4986824080344883;
0.4986909805891757;
0.4986990910745127;
0.4987067544291881;
0.49871402537461007;
0.49872102708630384;
0.4987279407921654;
0.4987349625198137;
0.4987422867513144;
0.4987501193785178;
0.49875866652226053;
0.4987680846110246;
0.49877844544316596;
0.4987897414349106;
0.49880189112681095;
0.49881472414727046;
0.4988279858566156;
0.498841387091047;
0.49885465909489984;
0.49886757381705343;
0.49887994316728923;
0.49889162523056446;
0.498902549773683;
0.49891274968733895;
0.4989223578738321;
0.49893155207654427;
0.4989405051312345;
0.498949392212177;
0.4989584148795215;
0.49896778535314085;
0.49897768217749766;
0.498988231702204;
0.49899950524707426;
0.49901149243821996;
0.4990240690267743;
0.49903701419512525;
0.4990500728313584;
0.4990630070543062;
0.499075614260457;
0.4990877294186962;
0.4990992352901465;
0.4991100920083104;
0.49912036103297275;
0.49913017740520443;
0.49913968611350296;
0.49914901225611225;
0.4991582786572808;
0.49916761844736973;
0.49917715343086233;
0.4991869758841275;
0.49919715288845573;
0.4992077153429554;
0.4992186193655136;
0.4992297290493107;
0.49924085106586835;
0.4992517812097;
0.49926232285084493;
0.499272299562327;
0.4992815913153179;
0.4992901609006275;
0.4992980374886489;
0.4993052883788497;
0.4993120193538145;
0.4993183813009748;
0.4993245441348169;
0.49933065878465693;
0.49933684963393254;
0.499343224244145;
0.4993498599362787;
0.4993567730669545;
0.4993639129959701;
0.4993711849261589;
0.4993784642039448;
0.49938559361613943;
0.499392393246158;
0.49939869612763965;
0.4994043733853881;
0.4994093326861993;
0.4994135220852821;
0.49941695904103506;
0.49941974966844455;
0.49942206212756324;
0.49942408728629456;
0.49942602584124085;
0.49942808294291;
0.4994304333213117;
0.4994331705449311;
0.49943628789907835;
0.4994396923588784;
0.4994432172050861;
0.49944663559002334;
0.4994497050967422;
0.4994522265749055;
0.49945406068766623;
0.49945511091757067;
0.49945533113681456;
0.49945475958527497;
0.4994535245801762;
0.4994518032809575;
0.49944977759007697;
0.49944761837304086;
0.4994454728009357;
0.4994434281684606;
0.49944148346487516;
0.4994395724932795;
0.49943761105206397;
0.4994355130339316;
0.49943318050164387;
0.4994305059227436;
0.49942738209780707;
0.4994237038053201;
0.4994193843416625;
0.49941439324407627;
0.499408786663649;
0.49940270823648764;
0.499396364923612;
0.49938998201298196;
0.4993837438845004;
0.49937774981863015;
0.49937199708856567;
0.4993663919333539;
0.4993607880133896;
0.4993550305943134;
0.4993489864479677;
0.4993425605328564;
0.4993356881228953;
0.4993282935011778;
0.4993202689050157;
0.499311530079834;
0.4993021041577639;
0.49929216933508;
0.49928203008421346;
0.4992720517269039;
0.4992625601686948;
0.4992537253009617;
0.4992454986612544;
0.4992376407979515;
0.49922979918153454;
0.49922160279534955;
0.49921276631736483;
0.4992031626869186;
0.49919281871128107;
0.4991818638239973;
0.4991704914451588;
0.4991589282358232;
0.49914737667012593;
0.49913595196539734;
0.49912467486806295;
0.49911351390491066;
0.49910242510894615;
0.49909137306066476;
0.4990803408181963;
0.4990693250731525;
0.4990583138985444;
0.4990472649249425;
0.49903610817131816;
0.49902477613723983;
0.4990132312569535;
0.49900146216985813;
0.498989452488727;
0.49897716488362726;
0.4989645673623952;
0.4989516705218691;
0.4989385324729281;
0.49892523915540987;
0.4989118954808318;
0.4988986239978212;
0.4988855440933905;
0.4988727329168138;
0.49886019070321735;
0.4988478388605946;
0.49883556305125126;
0.4988232593544722;
0.4988108461125295;
0.49879826230241503;
0.49878548509389264;
0.49877254867409626;
0.49875953336561846;
0.4987465301637793;
0.4987336093593701;
0.498720811577083;
0.49870815545131525;
0.49869563551677165;
0.49868320630430796;
0.4986707801515714;
0.49865826109026007;
0.4986455978338001;
0.4986328108548797;
0.49861997656128537;
0.4986071902682163;
0.4985945369703267;
0.4985820886497485;
0.4985699267100423;
0.4985581509589619;
0.498546849177708;
0.49853605520332167;
0.4985257300413471;
0.49851576555112487;
0.4985059909977613;
0.49849619109109644;
0.49848615563156323;
0.4984757421688588;
0.49846491255492953;
0.49845371873498495;
0.4984422467890283;
0.49843057702201937;
0.49841879487918855;
0.49840701006079974;
0.4983953506424974;
0.49838395674474345;
0.4983729797896538;
0.4983625517425522;
0.4983527395831944;
0.49834354815736126;
0.4983349689086855;
0.4983270062134701;
0.49831965726429917;
0.4983128834831142;
0.4983065962366268;
0.49830065935638906;
0.4982949108156022;
0.4982891833894239;
0.49828330442113805;
0.4982770977761063;
0.49827041471008887;
0.49826317640444157;
0.49825540815750685;
0.498247245355063;
0.49823888790875986;
0.49823053866482914;
0.4982223724904413;
0.4982145247919931;
0.4982070795024503;
0.4982000678396254;
0.4981934997960724;
0.49818740688625607;
0.49818183826423523;
0.4981768133249543;
0.49817229432676524;
0.49816822095304314;
0.49816457052986685;
0.49816136684617507;
0.49815863453263104;
0.4981563539491619;
0.49815444623593;
0.4981527868601433;
0.4981512307149589;
0.49814962513131994;
0.498147812799937;
0.49814564481221;
0.49814301939003086;
0.4981399461139266;
0.4981365983179676;
0.4981333228270192;
0.4981305997643803;
0.49812893609555753;
0.4981287094254402;
0.4981300477570373;
0.4981328090030884;
0.49813664865451224;
0.4981411284010594;
0.4981458019948536;
0.49815024650424833;
0.49815407740785345;
0.4981569928591895;
0.49815882183991367;
0.49815952422337656;
0.49815915198557087;
0.49815782188870306;
0.4981557158233394;
0.4981530785716014;
0.49815018799886074;
0.49814731004754853;
0.4981446716884386;
0.498142465426048;
0.4981408598457382;
0.4981399940259005;
0.49813996801252597;
0.4981408421406833;
0.49814262405012166;
0.49814522319038707;
0.498148422511412;
0.49815194847823896;
0.4981556130474381;
0.4981594098966479;
0.4981634984464439;
0.498168089835948;
0.49817330710842117;
0.4981791210743085;
0.49818540301943776;
0.49819202601765833;
0.4981989208412615;
0.49820605795344386;
0.4982133933714283;
0.49822083335587536;
0.49822824840444774;
0.498235525805254;
0.49824261398759295;
0.49824951606686313;
0.4982562388063384;
0.4982627523956679;
0.4982690031925834;
0.4982749601882823;
0.4982806546065381;
0.4982861969803987;
0.49829177359236604;
0.49829759966795084;
0.49830381247293454;
0.4983103918224553;
0.49831720677191443;
0.4983241278031469;
0.4983310810142625;
0.49833803448407227;
0.498344963027298;
0.4983518101116821;
0.49835847131525884;
0.49836482767898876;
0.49837082671283217;
0.49837654710640816;
0.49838217297543086;
0.4983879007196182;
0.4983938623419611;
0.4984000976576463;
0.4984065557400721;
Date and Time: 2025-02-21T18:22:45.618
Output: local boson: T = 0.1, alpha = 0.1, N_chain = 190, maxdim = 90, cutoff = -11, tau = 0.001, omega_C = 5, boson_dim = 12
[0.5000000000000024, 0.4999999992009577, 0.49999964819402204, 0.4999986652947367, 0.4999970730052478, 0.49999490853431, 0.4999922150389684, 0.49998903498206115, 0.4999854061667609, 0.4999813617308708, 0.4999769304576275, 0.49997213649642197, 0.499966999270239, 0.49996153414547345, 0.4999557532503479, 0.49994966619685827, 0.4999432806213179, 0.49993660270146284, 0.49992963753762165, 0.4999223894627646, 0.49991486228166326, 0.49990705944236813, 0.4998989841345374, 0.49989063942945, 0.4998820283639984, 0.4998731539413466, 0.49986401925306356, 0.4998546274991477, 0.4998449819794393, 0.4998350860560612, 0.49982494333313443, 0.4998145574150715, 0.49980393215956564, 0.49979307154397656, 0.4997819797556477, 0.4997706611341012, 0.49975912016615975, 0.4997473614842004, 0.49973538951673846, 0.49972320889916727, 0.4997108249746229, 0.49969824382663036, 0.4996854714570295, 0.4996725133041388, 0.4996593742413196, 0.49964605882578556, 0.4996325718222474, 0.4996189186253587, 0.49960510534579705, 0.4995911382140762, 0.49957702266512716, 0.4995627623668718, 0.49954835945882364, 0.49953381612242764, 0.4995191362211592, 0.49950432683144524, 0.49948939944585813, 0.4994743691890768, 0.4994592526513931, 0.4994440654474282, 0.49942881971189246, 0.49941352339357364, 0.49939818095512467, 0.49938279484025283, 0.49936736796556136, 0.49935190595826223, 0.49933641749376734, 0.49932091346476254, 0.4993054039986188, 0.4992898956621784, 0.4992743910969675, 0.49925889057519146, 0.4992433947090578, 0.49922790664528427, 0.49921243181504926, 0.4991969769049945, 0.499181546578775, 0.4991661407512407, 0.4991507545723142, 0.49913538162929993, 0.49912001794855787, 0.4991046656385836, 0.49908933248846116, 0.49907402921004956, 0.4990587653087746, 0.49904354571566567, 0.49902837120978744, 0.49901324201169134, 0.4989981624811738, 0.49898314326768367, 0.4989682006786254, 0.49895335281159126, 0.4989386166457068, 0.4989240083568526, 0.49890954556938366, 0.49889525103637083, 0.4988811533405458, 0.4988672843187236, 0.49885367568526284, 0.4988403560394432, 0.4988273515806255, 0.49881468650709204, 0.498802384070546, 0.49879046711744823, 0.49877895722460697, 0.49876787280880375, 0.4987572255471736, 0.498747019549428, 0.49873725053398393, 0.4987279005935516, 0.49871893084461727, 0.498710294225441, 0.498701961584558, 0.4986939301182294, 0.4986862041241949, 0.4986787644327192, 0.4986715504738853, 0.49866446573623613, 0.4986574016771773, 0.4986502721049408, 0.49864304430946355, 0.49863573746644396, 0.4986283881525211, 0.4986210113815744, 0.4986135863138106, 0.49860607533192075, 0.49859846326653207, 0.4985907805046039, 0.4985830901289673, 0.498575464699033, 0.49856798149189396, 0.4985607318439867, 0.49855382273213106, 0.49854736515703757, 0.4985414588923911, 0.4985361869771637, 0.4985316227416088, 0.4985278340747821, 0.4985248693942597, 0.49852273916100653, 0.4985214196604044, 0.498520876708245, 0.4985210874487817, 0.49852203990783694, 0.4985237049961267, 0.4985260064713251, 0.4985288245495532, 0.49853202729942175, 0.4985354921306139, 0.49853910224593173, 0.4985427277296895, 0.49854621731760695, 0.49854942455029555, 0.49855225336521647, 0.49855467687235633, 0.49855671750039254, 0.4985584264554441, 0.49855988539962426, 0.49856121360831884, 0.4985625591219421, 0.49856407918677925, 0.498565924383453, 0.4985682400968155, 0.4985711783507232, 0.49857488789362714, 0.4985794719543913, 0.49858496236835026, 0.4985913441153413, 0.49859858602497636, 0.49860663127447585, 0.49861537446942467, 0.4986246692790463, 0.4986343528481526, 0.4986442510475404, 0.4986541749653815, 0.4986639360817995, 0.49867337960061203, 0.4986824080344883, 0.4986909805891757, 0.4986990910745127, 0.4987067544291881, 0.49871402537461007, 0.49872102708630384, 0.4987279407921654, 0.4987349625198137, 0.4987422867513144, 0.4987501193785178, 0.49875866652226053, 0.4987680846110246, 0.49877844544316596, 0.4987897414349106, 0.49880189112681095, 0.49881472414727046, 0.4988279858566156, 0.498841387091047, 0.49885465909489984, 0.49886757381705343, 0.49887994316728923, 0.49889162523056446, 0.498902549773683, 0.49891274968733895, 0.4989223578738321, 0.49893155207654427, 0.4989405051312345, 0.498949392212177, 0.4989584148795215, 0.49896778535314085, 0.49897768217749766, 0.498988231702204, 0.49899950524707426, 0.49901149243821996, 0.4990240690267743, 0.49903701419512525, 0.4990500728313584, 0.4990630070543062, 0.499075614260457, 0.4990877294186962, 0.4990992352901465, 0.4991100920083104, 0.49912036103297275, 0.49913017740520443, 0.49913968611350296, 0.49914901225611225, 0.4991582786572808, 0.49916761844736973, 0.49917715343086233, 0.4991869758841275, 0.49919715288845573, 0.4992077153429554, 0.4992186193655136, 0.4992297290493107, 0.49924085106586835, 0.4992517812097, 0.49926232285084493, 0.499272299562327, 0.4992815913153179, 0.4992901609006275, 0.4992980374886489, 0.4993052883788497, 0.4993120193538145, 0.4993183813009748, 0.4993245441348169, 0.49933065878465693, 0.49933684963393254, 0.499343224244145, 0.4993498599362787, 0.4993567730669545, 0.4993639129959701, 0.4993711849261589, 0.4993784642039448, 0.49938559361613943, 0.499392393246158, 0.49939869612763965, 0.4994043733853881, 0.4994093326861993, 0.4994135220852821, 0.49941695904103506, 0.49941974966844455, 0.49942206212756324, 0.49942408728629456, 0.49942602584124085, 0.49942808294291, 0.4994304333213117, 0.4994331705449311, 0.49943628789907835, 0.4994396923588784, 0.4994432172050861, 0.49944663559002334, 0.4994497050967422, 0.4994522265749055, 0.49945406068766623, 0.49945511091757067, 0.49945533113681456, 0.49945475958527497, 0.4994535245801762, 0.4994518032809575, 0.49944977759007697, 0.49944761837304086, 0.4994454728009357, 0.4994434281684606, 0.49944148346487516, 0.4994395724932795, 0.49943761105206397, 0.4994355130339316, 0.49943318050164387, 0.4994305059227436, 0.49942738209780707, 0.4994237038053201, 0.4994193843416625, 0.49941439324407627, 0.499408786663649, 0.49940270823648764, 0.499396364923612, 0.49938998201298196, 0.4993837438845004, 0.49937774981863015, 0.49937199708856567, 0.4993663919333539, 0.4993607880133896, 0.4993550305943134, 0.4993489864479677, 0.4993425605328564, 0.4993356881228953, 0.4993282935011778, 0.4993202689050157, 0.499311530079834, 0.4993021041577639, 0.49929216933508, 0.49928203008421346, 0.4992720517269039, 0.4992625601686948, 0.4992537253009617, 0.4992454986612544, 0.4992376407979515, 0.49922979918153454, 0.49922160279534955, 0.49921276631736483, 0.4992031626869186, 0.49919281871128107, 0.4991818638239973, 0.4991704914451588, 0.4991589282358232, 0.49914737667012593, 0.49913595196539734, 0.49912467486806295, 0.49911351390491066, 0.49910242510894615, 0.49909137306066476, 0.4990803408181963, 0.4990693250731525, 0.4990583138985444, 0.4990472649249425, 0.49903610817131816, 0.49902477613723983, 0.4990132312569535, 0.49900146216985813, 0.498989452488727, 0.49897716488362726, 0.4989645673623952, 0.4989516705218691, 0.4989385324729281, 0.49892523915540987, 0.4989118954808318, 0.4988986239978212, 0.4988855440933905, 0.4988727329168138, 0.49886019070321735, 0.4988478388605946, 0.49883556305125126, 0.4988232593544722, 0.4988108461125295, 0.49879826230241503, 0.49878548509389264, 0.49877254867409626, 0.49875953336561846, 0.4987465301637793, 0.4987336093593701, 0.498720811577083, 0.49870815545131525, 0.49869563551677165, 0.49868320630430796, 0.4986707801515714, 0.49865826109026007, 0.4986455978338001, 0.4986328108548797, 0.49861997656128537, 0.4986071902682163, 0.4985945369703267, 0.4985820886497485, 0.4985699267100423, 0.4985581509589619, 0.498546849177708, 0.49853605520332167, 0.4985257300413471, 0.49851576555112487, 0.4985059909977613, 0.49849619109109644, 0.49848615563156323, 0.4984757421688588, 0.49846491255492953, 0.49845371873498495, 0.4984422467890283, 0.49843057702201937, 0.49841879487918855, 0.49840701006079974, 0.4983953506424974, 0.49838395674474345, 0.4983729797896538, 0.4983625517425522, 0.4983527395831944, 0.49834354815736126, 0.4983349689086855, 0.4983270062134701, 0.49831965726429917, 0.4983128834831142, 0.4983065962366268, 0.49830065935638906, 0.4982949108156022, 0.4982891833894239, 0.49828330442113805, 0.4982770977761063, 0.49827041471008887, 0.49826317640444157, 0.49825540815750685, 0.498247245355063, 0.49823888790875986, 0.49823053866482914, 0.4982223724904413, 0.4982145247919931, 0.4982070795024503, 0.4982000678396254, 0.4981934997960724, 0.49818740688625607, 0.49818183826423523, 0.4981768133249543, 0.49817229432676524, 0.49816822095304314, 0.49816457052986685, 0.49816136684617507, 0.49815863453263104, 0.4981563539491619, 0.49815444623593, 0.4981527868601433, 0.4981512307149589, 0.49814962513131994, 0.498147812799937, 0.49814564481221, 0.49814301939003086, 0.4981399461139266, 0.4981365983179676, 0.4981333228270192, 0.4981305997643803, 0.49812893609555753, 0.4981287094254402, 0.4981300477570373, 0.4981328090030884, 0.49813664865451224, 0.4981411284010594, 0.4981458019948536, 0.49815024650424833, 0.49815407740785345, 0.4981569928591895, 0.49815882183991367, 0.49815952422337656, 0.49815915198557087, 0.49815782188870306, 0.4981557158233394, 0.4981530785716014, 0.49815018799886074, 0.49814731004754853, 0.4981446716884386, 0.498142465426048, 0.4981408598457382, 0.4981399940259005, 0.49813996801252597, 0.4981408421406833, 0.49814262405012166, 0.49814522319038707, 0.498148422511412, 0.49815194847823896, 0.4981556130474381, 0.4981594098966479, 0.4981634984464439, 0.498168089835948, 0.49817330710842117, 0.4981791210743085, 0.49818540301943776, 0.49819202601765833, 0.4981989208412615, 0.49820605795344386, 0.4982133933714283, 0.49822083335587536, 0.49822824840444774, 0.498235525805254, 0.49824261398759295, 0.49824951606686313, 0.4982562388063384, 0.4982627523956679, 0.4982690031925834, 0.4982749601882823, 0.4982806546065381, 0.4982861969803987, 0.49829177359236604, 0.49829759966795084, 0.49830381247293454, 0.4983103918224553, 0.49831720677191443, 0.4983241278031469, 0.4983310810142625, 0.49833803448407227, 0.498344963027298, 0.4983518101116821, 0.49835847131525884, 0.49836482767898876, 0.49837082671283217, 0.49837654710640816, 0.49838217297543086, 0.4983879007196182, 0.4983938623419611, 0.4984000976576463, 0.4984065557400721]
----------------------
