----------------------
:::::::::::::::::::::::::::::::::::::::::::::::::::::::::::::::::::::::::::::::
                                     Date and Time: 2025-02-24T12:22:10.905
:::::::::::::::::::::::::::::::::::::::::::::::::::::::::::::::::::::::::::::::
local boson: T = 0.1, alpha = 1.5, N_chain = 190, maxdim = 90, cutoff = -11, tau = 0.001, jump = 20, omega_C = 5, boson_dim = 12;
0.5000000000000024;
0.4999999880143269;
0.49999472486443275;
0.4999800206762726;
0.4999562260896374;
0.49992384808936496;
0.4998834733620628;
0.49983570273764744;
0.4997811028052227;
0.4997201754389886;
0.499653345049679;
0.4995809589516576;
0.4995032947758421;
0.49942057081701974;
0.4993329569078947;
0.4991985343368683;
0.49903305053647085;
0.498858453044282;
0.49867483347863806;
0.49848227224560837;
0.49828084197226497;
0.4980706105369391;
0.4978516432407048;
0.49762400445444843;
0.4973877609847559;
0.49714298293139103;
0.4968897396596935;
0.4966281028928102;
0.49635814711364223;
0.4960799499308748;
0.49579359239182125;
0.49549915921274984;
0.495173620639505;
0.49483503759548186;
0.49448745586483617;
0.49413179763924225;
0.4937689865064635;
0.4933999228031061;
0.4930254613732551;
0.49264639256439335;
0.49226342698140113;
0.49187718416468396;
0.49148820092660533;
0.49108667444754495;
0.49066971450114183;
0.4902443674397564;
0.48981471155275624;
0.4893848406843852;
0.48894835587694585;
0.4884997965404214;
0.4880480158140741;
0.48759512701527374;
0.48713150144512474;
0.486669721452083;
0.48620207123388565;
0.48572937931373006;
0.4852550850784416;
0.4847794783420806;
0.48430218877363107;
0.48382237800842914;
0.48333988111946075;
0.4828547956305318;
0.48236674349234726;
0.48187618509694846;
0.4813819923060435;
0.48088938848380813;
0.48040971211307537;
0.4799214670907515;
0.4794427364302387;
0.4789577861056459;
0.4784796373477476;
0.4780008633421847;
0.4775257963778804;
0.4770444349829824;
0.4765675964210811;
0.47608926984061684;
0.4756140781105176;
0.47513794086928784;
0.47466413966562;
0.47419105589375377;
0.4737209611417106;
0.4732519494063137;
0.4727854045655917;
0.47232559224527176;
0.4718712590015154;
0.4714275066698296;
0.47098722483771804;
0.4705476861231463;
0.47011063626985583;
0.46967334762192736;
0.469243101939919;
0.4688136655516455;
0.46839292935086907;
0.46797934615487424;
0.467573021961345;
0.46716719305958027;
0.46675002033378143;
0.46634474352712363;
0.46595004944720614;
0.46556370085439147;
0.4651856074430784;
0.4648148885204957;
0.46444337975709077;
0.4640695458099073;
0.4637116385623599;
0.46336213235881607;
0.4630263177197103;
0.4626937045932392;
0.46236770738585226;
0.46204693385951157;
0.4617321955739778;
0.46142770138868777;
0.46112879578493393;
0.46082677501884983;
0.46053518346424194;
0.46026338581447;
0.46000470378303965;
0.4597502690755645;
0.4594952720367374;
0.45923847871570944;
0.4589879516265456;
0.4587552481843072;
0.45853384866772273;
0.4583269393204271;
0.4581260093686512;
0.4579229996388724;
0.4577305619407233;
0.4575520079485588;
0.45738085009604207;
0.4572211914503165;
0.45706373314010795;
0.4569139911163858;
0.45677606775115415;
0.45664029543695456;
0.4565243899076113;
0.45642071929874406;
0.45632206968060274;
0.45624743506444326;
0.4561788662354804;
0.4561139700177669;
0.4560780268674332;
0.4560465689402879;
0.4560201560278255;
0.4560072446507191;
0.45598695187495997;
0.4559823116570816;
0.4559963901621522;
0.4560280088237119;
0.45606252270973313;
0.45609835673884114;
0.4561324254911159;
0.4561739097373305;
0.45623403151600944;
0.4563081834822758;
0.4563812024488096;
0.45647057581520667;
0.4565697302566197;
0.45667382376626287;
0.456795880636612;
0.45691968710319336;
0.4570498203896102;
0.45718801399000725;
0.4573363990882865;
0.4574939041497223;
0.45765515495836384;
0.45782580870171147;
0.4580022739239874;
0.4581945440520411;
0.458395618696157;
0.45860665453807065;
0.4588149703489374;
0.45903738741864936;
0.4592632571431833;
0.45949758275995806;
0.45973414619711106;
0.4599826989125884;
0.46024236077516467;
0.460500921481235;
0.460766293862254;
0.46102851806740797;
0.4613023053270739;
0.46158321115562884;
0.46186863066016076;
0.462152330596445;
0.46245112140384603;
0.46275442757618673;
0.4630579293895525;
0.4633628351943804;
0.4636823405103899;
0.4640007110664131;
0.4643193105834962;
0.4646396193363467;
0.4649657096004425;
0.46529761302820016;
0.4656307864649857;
0.4659670461635264;
0.4663170245112986;
0.46667783434167415;
0.46703755783034795;
0.4673931690693558;
0.467733740598432;
0.4680760976321613;
0.4684223262355933;
0.4687745321064981;
0.4691276787224707;
0.46947992221982887;
0.4698350515229487;
0.47018570167067414;
0.47053800892403264;
0.4708994526579127;
0.4712586322217106;
0.47162018366727626;
0.4719764364633167;
0.47232130723983523;
0.47266730237905286;
0.4730145828513304;
0.4733583620493189;
0.4737008311036353;
0.47404725603939235;
0.4743859555133004;
0.47471730339922585;
0.47504322459574366;
0.47537180300201687;
0.47570068735802945;
0.47602704445958594;
0.4763445557161007;
0.4766643081640423;
0.47697653707797427;
0.4772820240389949;
0.47758629049959933;
0.47788504592284275;
0.4781785844520231;
0.4784726964791107;
0.47876148885813546;
0.4790538693368215;
0.47932806005228434;
0.4795990486270277;
0.47987317274428715;
0.4801367836318735;
0.4803858279348145;
0.48063484630997805;
0.48088119839561716;
0.48111328700186556;
0.4813321073616216;
0.48154898708461774;
0.48176328783789646;
0.4819761183956988;
0.4821824148550161;
0.4823868991605083;
0.48258211651109384;
0.4827571369945377;
0.4829269912424061;
0.48309388481167087;
0.48325510888938245;
0.4834059971371559;
0.4835371568751862;
0.48366224246409206;
0.4837747177704153;
0.48387973482914154;
0.4839835854427705;
0.48407793118792797;
0.48416336485649814;
0.4842325072092833;
0.4842977437222716;
0.48434976288543863;
0.4843879369015903;
0.484433364763348;
0.4844723395104808;
0.4844986260752611;
0.4845190073272393;
0.4845267079066685;
0.48452075834891367;
0.48450387963001146;
0.4844815708324036;
0.4844505913749292;
0.4844136171974669;
0.4843669674379005;
0.48431072353956095;
0.4842379079467948;
0.48416370652837604;
0.4840826264528009;
0.4839890576097801;
0.4838821149166718;
0.4837689203116905;
0.4836432878682789;
0.4835068946120828;
0.4833671512552568;
0.4832137191848206;
0.48305002537646285;
0.4828829984013219;
0.4827038072933543;
0.48251383695817524;
0.48231982324847744;
0.4821151352129405;
0.4818996244123144;
0.4816772644848869;
0.4814417351558107;
0.481195176867158;
0.48094513823792856;
0.4806830311901708;
0.48041029170406235;
0.4801301318756937;
0.4798472716629053;
0.47955534890739604;
0.479250110720854;
0.4789376868640679;
0.4786189473517348;
0.47829594979697315;
0.47796392579234526;
0.4776223574963679;
0.47726860565571555;
0.47691501585674007;
0.4765570861355006;
0.4761859298260978;
0.4758114105509949;
0.47543289529793825;
0.475046341077474;
0.4746563170251837;
0.4742714955476022;
0.4738627852243459;
0.47344756888790684;
0.4730332823638782;
0.47262805304026106;
0.4722078060598769;
0.4717717131710397;
0.4713326818064845;
0.470891246636398;
0.47045050908108166;
0.47001000910879;
0.46955518890421105;
0.46909492004125974;
0.46863205507699285;
0.4681691539075198;
0.4677008805269598;
0.4672312219213029;
0.4667566597474663;
0.4662851462899968;
0.4658064216576218;
0.465319221791891;
0.4648346597745951;
0.46435582300591344;
0.4638695674986745;
0.46338440099700123;
0.4628942989348563;
0.4624025275529696;
0.46191037648362643;
0.46142158216469265;
0.46092862887380404;
0.4604405640730147;
0.4599505344878742;
0.4594593464732897;
0.4589718800766799;
0.45848321582257257;
0.4579903023325879;
0.4575035848384434;
0.4570240384065403;
0.4565380471521655;
0.4560403220818078;
0.4555328970430462;
0.4550295981479326;
0.45454029811779645;
0.454041781288543;
0.4535439956732343;
0.4530424925285672;
0.4525469502518999;
