----------------------
:::::::::::::::::::::::::::::::::::::::::::::::::::::::::::::::::::::::::::::::
                                     Date and Time: 2025-02-22T12:56:31.225
:::::::::::::::::::::::::::::::::::::::::::::::::::::::::::::::::::::::::::::::
local boson: T = 0.1, alpha = 0.25, N_chain = 190, maxdim = 90, cutoff = -11, tau = 0.001, jump = 20, omega_C = 5, boson_dim = 12;
0.5000000000000024;
0.49999999800239003;
0.49999912048793815;
0.4999966663907614;
0.4999926958562464;
0.4999872981460002;
0.4999805756518727;
0.49997263051289953;
0.4999635581061674;
0.4999534437354846;
0.4999423604275356;
0.4999303682402993;
0.49991751539022233;
0.49990384006697963;
0.4998893723891393;
0.49987413612005094;
0.4998581501807142;
0.4998414298673033;
0.49982398775759795;
0.49980583443609866;
0.4997869791532749;
0.49976743027240433;
0.4997471955900276;
0.4997262825137412;
0.49970469829559927;
0.49968245016983587;
0.4996595455265098;
0.4996359920362599;
0.49961179762608643;
0.4995869705320703;
0.4995615193025118;
0.4995354528384957;
0.4995087803976076;
0.49948151156102477;
0.4994536562885539;
0.49942522487294944;
0.499396227936679;
0.4993666764487237;
0.49933658173897016;
0.4993059554817477;
0.49927480964754667;
0.4992431565685698;
0.4992110090233787;
0.49917837998328596;
0.4991452826235896;
0.4991117304291594;
0.4990777373622206;
0.49904331793691603;
0.49900848711328144;
0.4989732601283887;
0.4989376523202757;
0.49890167911571365;
0.498865355942323;
0.4988286983272533;
0.49879172191400545;
0.49875444242378986;
0.49871687571051315;
0.498679037796058;
0.49864094491129674;
0.49860261349045176;
0.498564060220726;
0.4985253020966359;
0.4984863563044971;
0.4984472402238952;
0.4984079713944899;
0.49836856740112634;
0.49832904590094274;
0.49828942471126814;
0.49824972173184745;
0.4982099549558634;
0.49817014245356966;
0.4981303023974549;
0.49809045293940346;
0.498050612172246;
0.49801079815954247;
0.4979710290058373;
0.49793132273742585;
0.49789169733079053;
0.49785217078202;
0.49781276107033534;
0.49777348608247846;
0.49773436361784706;
0.4976954116142057;
0.4976566478961856;
0.4976180901827608;
0.49757975598682963;
0.4975416625728409;
0.49750382687247485;
0.4974662653759258;
0.49742899455177203;
0.49739203057757564;
0.4973553895440845;
0.49731908752072723;
0.497283140501632;
0.49724756423052274;
0.49721237416025044;
0.4971775855616113;
0.49714321330329636;
0.4971092719384202;
0.49707577586359275;
0.49704273927972836;
0.49701017602499703;
0.4969781000302002;
0.49694652497722247;
0.4969154643876925;
0.4968849316357684;
0.4968549399131029;
0.4968255018022433;
0.4967966296888297;
0.49676833556031896;
0.4967406311629718;
0.4967135280882867;
0.4966870378335088;
0.4966611714152572;
0.49663593949484236;
0.4966113521516914;
0.49658741876161233;
0.496564148051557;
0.496541548290793;
0.496519627359755;
0.4964983928460867;
0.49647785224017327;
0.49645801258414596;
0.49643888083875676;
0.49642046363255377;
0.49640276724539717;
0.49638579762461227;
0.4963695605516534;
0.49635406130776566;
0.49633930510693686;
0.49632529661496755;
0.49631203990280115;
0.4962995387154557;
0.496287796144704;
0.49627681499603515;
0.49626659748286506;
0.49625714521541825;
0.49624845925888406;
0.49624054022092645;
0.4962333880850277;
0.49622700249252394;
0.49622138272288496;
0.49621652783299874;
0.496212437148951;
0.49620910997289364;
0.4962065455422531;
0.4962047428488364;
0.4962037203718823;
0.4962035560195795;
0.49620425206567664;
0.4962057965987251;
0.4962081728850226;
0.4962113601502597;
0.4962153344307357;
0.4962200694810438;
0.4962255368815895;
0.49623170721439575;
0.49623855101759007;
0.4962460399339519;
0.49625414832532666;
0.49626285411320603;
0.4962721393943206;
0.49628199087612324;
0.4962923996907226;
0.4963033612113756;
0.49631487457705864;
0.49632694219961887;
0.49633957010904073;
0.4963527670749286;
0.49636654373929334;
0.49638091133535334;
0.49639588013492203;
0.4964114587865223;
0.4964276531717401;
0.49644446642619;
0.496461898571399;
0.49647995309702286;
0.496498638987231;
0.49651791894842123;
0.49653776292186425;
0.49655813758923334;
0.49657900776849156;
0.4966003385685006;
0.49662209628153553;
0.49664424935672347;
0.49666676960164347;
0.4966896333634644;
0.49671282274292816;
0.4967363261010922;
0.4967601378756192;
0.49678425632015977;
0.4968086813217002;
0.4968334128838802;
0.49685844924397643;
0.4968837866704527;
0.49690942044733366;
0.4969353436314136;
0.4969615448958421;
0.49698800730762416;
0.4970147097832111;
0.4970416310889969;
0.49706875182076005;
0.49709605321905825;
0.4971235156520539;
0.4971511186615296;
0.4971788419693457;
0.49720666582365564;
0.4972345707479441;
0.4972625373119502;
0.4972905449851476;
0.4973185716389109;
0.4973465938983273;
0.49737458764483367;
0.49740253023903364;
0.4974304013194914;
0.49745818152843874;
0.49748585321436606;
0.4975133996356706;
0.49754080613576573;
0.49756805843971197;
0.497595142222073;
0.4976220421265512;
0.4976487418792412;
0.4976752245680319;
0.497701474799716;
0.497727480116981;
0.4977532315007373;
0.4977787222178416;
0.49780394619641827;
0.49782889683150156;
0.49785356514592294;
0.49787794001758934;
0.4979020073467204;
0.4979257504864945;
0.49794915034599263;
0.49797218707664254;
0.49799483971494457;
0.4980170871748516;
0.4980389085435567;
0.498060284748547;
0.4980811991988882;
0.4981016351310888;
0.49812157387414385;
0.4981409945589441;
0.4981598787844874;
0.4981782126970336;
0.4981959896394946;
0.49821320893280496;
0.49822987265932195;
0.4982459835337912;
0.49826154226533814;
0.49827654888357287;
0.49829100218689154;
0.498304899756496;
0.498318236847586;
0.4983310067885591;
0.49834320328602477;
0.49835482043876717;
0.49836585411389245;
0.49837630233250535;
0.4983861647868864;
0.49839544332436325;
0.4984041397895594;
0.49841225608150197;
0.4984197909839944;
0.498426739255458;
0.4984330919326118;
0.49843883872910727;
0.4984439731967045;
0.49844849423969917;
0.49845240482839015;
0.4984557066227084;
0.4984583989234951;
0.49846047672370775;
0.49846193331418404;
0.49846276075069396;
0.498462951259299;
0.49846249617132427;
0.49846138505978205;
0.4984596077577704;
0.49845715683358954;
0.498454029426763;
0.4984502272416206;
0.49844575765145965;
0.4984406308171126;
0.4984348576771476;
0.4984284451497594;
0.49842139537571273;
0.49841370814650704;
0.4984053857065169;
0.49839643480482404;
0.49838686440801133;
0.4983766802775305;
0.49836588254116226;
0.4983544673208117;
0.49834243150858726;
0.49832977437614784;
0.49831649635350933;
0.49830259610572913;
0.498288069996663;
0.4982729138345296;
0.4982571250797878;
0.4982407052500733;
0.49822365932810175;
0.49820599519625053;
0.4981877208909501;
0.4981688462489683;
0.49814938392857916;
0.49812935007565734;
0.4981087637599148;
0.4980876463481402;
0.49806601870740846;
0.49804390241520596;
0.49802131668514205;
0.4979982793222172;
0.49797480479417205;
0.4979509053851544;
0.49792658858044553;
0.4979018574766844;
0.4978767092158205;
0.4978511421258322;
0.49782515454170295;
0.497798743848145;
0.49777190700437324;
0.49774464512537175;
0.4977169656893822;
0.49768887977237614;
0.49766039427988545;
0.4976315141137396;
0.49760224541195847;
0.4975725972572711;
0.49754258148856234;
0.4975122177485601;
0.49748153078467233;
0.4974505463233406;
0.49741928578657774;
0.4973877683084684;
0.497356011314337;
0.49732403107962697;
0.49729183966270946;
0.4972594465761377;
0.4972268589084331;
0.49719408028942697;
0.497161110352549;
0.4971279509870818;
0.49709460886315654;
0.49706109272184795;
0.49702740976406434;
0.49699356494663294;
0.4969595693771094;
0.49692543713456905;
0.49689118367143104;
0.49685682221624006;
0.4968223666815523;
0.49678783392147036;
0.49675324187234493;
0.4967186079820634;
0.4966839475381448;
0.4966492754983173;
0.4966146092183743;
0.49657996791800296;
0.4965453701971421;
0.49651082952635;
0.496476354761045;
0.4964419512835704;
0.4964076227500405;
0.4963733719030595;
0.49633920420498495;
0.49630513006498783;
0.4962711645320543;
0.49623732386488845;
0.49620362095530784;
0.49617006543388803;
0.4961366667202722;
0.49610343774228266;
0.49607039409071135;
0.4960375516466532;
0.4960049251434696;
0.4959725275436943;
0.4959403707570902;
0.49590846571036157;
0.4958768203834949;
0.49584544142217474;
0.49581433233395583;
0.4957834970831783;
0.49575293838821227;
0.49572265647749975;
0.4956926488625424;
0.49566291468006735;
0.4956334581217574;
0.49560428763208975;
0.49557541344892897;
0.49554684723440495;
0.4955186040662169;
0.4954907042567845;
0.4954631701529363;
0.49543602368595807;
0.4954093586334549;
0.4953833413039011;
0.4953580065147914;
0.4953333720509248;
0.4953094446945401;
0.49528622097759856;
0.4952636878000229;
0.4952418195730393;
0.495220580312792;
0.49519992727803863;
0.49517980893197905;
0.4951601582492218;
0.49514090195460175;
0.49512200278590546;
0.49510346949967443;
0.49508534962613143;
0.4950677101651222;
0.4950506075648247;
0.49503406596343924;
0.4950180850026111;
0.49500265628996176;
0.49498777975443525;
0.4949734612427854;
0.49495970501254477;
0.4949465119302949;
0.4949338819327557;
0.49492181266528096;
0.49491029938420805;
0.49489933309081563;
0.49488890732104174;
0.49487902006487683;
0.4948696702934847;
0.49486085955468495;
0.49485259172168555;
0.49484486742159167;
0.49483768508885945;
0.4948310380546378;
0.4948249191317059;
0.49481932420880037;
0.4948142552659086;
0.4948097176084903;
0.4948057146887695;
0.4948022419351406;
0.49479928274380974;
0.4947968122911905;
0.49479480507772994;
0.49479324571848493;
0.49479212948799794;
0.4947914633611776;
0.4947912607221545;
0.49479153809654963;
0.49479230764295407;
0.4947935807483403;
0.49479536602847785;
0.4947976725335085;
0.49480050947190113;
0.494803881090217;
0.4948077842905428;
0.49481220932439846;
0.49481714491548856;
0.49482257799795887;
0.4948284976474353;
0.49483489129147823;
0.49484174651928475;
0.4948490447565621;
0.4948567656502095;
0.4948648914112082;
0.4948734094432262;
0.49488231111478503;
0.4948915937075674;
0.49490125821668884;
0.4949113022010994;
0.4949217204498968;
0.494932502770843;
0.4949436360806789;
0.49495510204543397;
0.49496687802587436;
0.49497894181991187;
0.4949912788418435;
0.4950038795448394;
0.4950167402981377;
0.4950298629808426;
0.4950432565669451;
0.4950569332940109;
0.4950708989116965;
0.4950851501274764;
0.4950996801112834;
0.4951144831405028;
0.4951295591453633;
0.4951449082969185;
0.4951605238356476;
0.4951763838688248;
0.49519245592689853;
0.4952087053601629;
0.49522510203900066;
0.4952416233598533;
0.49525825427227393;
0.4952749895119458;
0.49529182652605624;
0.49530876907204596;
0.495325819582708;
0.49534297751447864;
0.4953602351867378;
0.4953775856213444;
Date and Time: 2025-02-23T18:21:22.907
Output: local boson: T = 0.1, alpha = 0.25, N_chain = 190, maxdim = 90, cutoff = -11, tau = 0.001, omega_C = 5, boson_dim = 12
[0.5000000000000024, 0.49999999800239003, 0.49999912048793815, 0.4999966663907614, 0.4999926958562464, 0.4999872981460002, 0.4999805756518727, 0.49997263051289953, 0.4999635581061674, 0.4999534437354846, 0.4999423604275356, 0.4999303682402993, 0.49991751539022233, 0.49990384006697963, 0.4998893723891393, 0.49987413612005094, 0.4998581501807142, 0.4998414298673033, 0.49982398775759795, 0.49980583443609866, 0.4997869791532749, 0.49976743027240433, 0.4997471955900276, 0.4997262825137412, 0.49970469829559927, 0.49968245016983587, 0.4996595455265098, 0.4996359920362599, 0.49961179762608643, 0.4995869705320703, 0.4995615193025118, 0.4995354528384957, 0.4995087803976076, 0.49948151156102477, 0.4994536562885539, 0.49942522487294944, 0.499396227936679, 0.4993666764487237, 0.49933658173897016, 0.4993059554817477, 0.49927480964754667, 0.4992431565685698, 0.4992110090233787, 0.49917837998328596, 0.4991452826235896, 0.4991117304291594, 0.4990777373622206, 0.49904331793691603, 0.49900848711328144, 0.4989732601283887, 0.4989376523202757, 0.49890167911571365, 0.498865355942323, 0.4988286983272533, 0.49879172191400545, 0.49875444242378986, 0.49871687571051315, 0.498679037796058, 0.49864094491129674, 0.49860261349045176, 0.498564060220726, 0.4985253020966359, 0.4984863563044971, 0.4984472402238952, 0.4984079713944899, 0.49836856740112634, 0.49832904590094274, 0.49828942471126814, 0.49824972173184745, 0.4982099549558634, 0.49817014245356966, 0.4981303023974549, 0.49809045293940346, 0.498050612172246, 0.49801079815954247, 0.4979710290058373, 0.49793132273742585, 0.49789169733079053, 0.49785217078202, 0.49781276107033534, 0.49777348608247846, 0.49773436361784706, 0.4976954116142057, 0.4976566478961856, 0.4976180901827608, 0.49757975598682963, 0.4975416625728409, 0.49750382687247485, 0.4974662653759258, 0.49742899455177203, 0.49739203057757564, 0.4973553895440845, 0.49731908752072723, 0.497283140501632, 0.49724756423052274, 0.49721237416025044, 0.4971775855616113, 0.49714321330329636, 0.4971092719384202, 0.49707577586359275, 0.49704273927972836, 0.49701017602499703, 0.4969781000302002, 0.49694652497722247, 0.4969154643876925, 0.4968849316357684, 0.4968549399131029, 0.4968255018022433, 0.4967966296888297, 0.49676833556031896, 0.4967406311629718, 0.4967135280882867, 0.4966870378335088, 0.4966611714152572, 0.49663593949484236, 0.4966113521516914, 0.49658741876161233, 0.496564148051557, 0.496541548290793, 0.496519627359755, 0.4964983928460867, 0.49647785224017327, 0.49645801258414596, 0.49643888083875676, 0.49642046363255377, 0.49640276724539717, 0.49638579762461227, 0.4963695605516534, 0.49635406130776566, 0.49633930510693686, 0.49632529661496755, 0.49631203990280115, 0.4962995387154557, 0.496287796144704, 0.49627681499603515, 0.49626659748286506, 0.49625714521541825, 0.49624845925888406, 0.49624054022092645, 0.4962333880850277, 0.49622700249252394, 0.49622138272288496, 0.49621652783299874, 0.496212437148951, 0.49620910997289364, 0.4962065455422531, 0.4962047428488364, 0.4962037203718823, 0.4962035560195795, 0.49620425206567664, 0.4962057965987251, 0.4962081728850226, 0.4962113601502597, 0.4962153344307357, 0.4962200694810438, 0.4962255368815895, 0.49623170721439575, 0.49623855101759007, 0.4962460399339519, 0.49625414832532666, 0.49626285411320603, 0.4962721393943206, 0.49628199087612324, 0.4962923996907226, 0.4963033612113756, 0.49631487457705864, 0.49632694219961887, 0.49633957010904073, 0.4963527670749286, 0.49636654373929334, 0.49638091133535334, 0.49639588013492203, 0.4964114587865223, 0.4964276531717401, 0.49644446642619, 0.496461898571399, 0.49647995309702286, 0.496498638987231, 0.49651791894842123, 0.49653776292186425, 0.49655813758923334, 0.49657900776849156, 0.4966003385685006, 0.49662209628153553, 0.49664424935672347, 0.49666676960164347, 0.4966896333634644, 0.49671282274292816, 0.4967363261010922, 0.4967601378756192, 0.49678425632015977, 0.4968086813217002, 0.4968334128838802, 0.49685844924397643, 0.4968837866704527, 0.49690942044733366, 0.4969353436314136, 0.4969615448958421, 0.49698800730762416, 0.4970147097832111, 0.4970416310889969, 0.49706875182076005, 0.49709605321905825, 0.4971235156520539, 0.4971511186615296, 0.4971788419693457, 0.49720666582365564, 0.4972345707479441, 0.4972625373119502, 0.4972905449851476, 0.4973185716389109, 0.4973465938983273, 0.49737458764483367, 0.49740253023903364, 0.4974304013194914, 0.49745818152843874, 0.49748585321436606, 0.4975133996356706, 0.49754080613576573, 0.49756805843971197, 0.497595142222073, 0.4976220421265512, 0.4976487418792412, 0.4976752245680319, 0.497701474799716, 0.497727480116981, 0.4977532315007373, 0.4977787222178416, 0.49780394619641827, 0.49782889683150156, 0.49785356514592294, 0.49787794001758934, 0.4979020073467204, 0.4979257504864945, 0.49794915034599263, 0.49797218707664254, 0.49799483971494457, 0.4980170871748516, 0.4980389085435567, 0.498060284748547, 0.4980811991988882, 0.4981016351310888, 0.49812157387414385, 0.4981409945589441, 0.4981598787844874, 0.4981782126970336, 0.4981959896394946, 0.49821320893280496, 0.49822987265932195, 0.4982459835337912, 0.49826154226533814, 0.49827654888357287, 0.49829100218689154, 0.498304899756496, 0.498318236847586, 0.4983310067885591, 0.49834320328602477, 0.49835482043876717, 0.49836585411389245, 0.49837630233250535, 0.4983861647868864, 0.49839544332436325, 0.4984041397895594, 0.49841225608150197, 0.4984197909839944, 0.498426739255458, 0.4984330919326118, 0.49843883872910727, 0.4984439731967045, 0.49844849423969917, 0.49845240482839015, 0.4984557066227084, 0.4984583989234951, 0.49846047672370775, 0.49846193331418404, 0.49846276075069396, 0.498462951259299, 0.49846249617132427, 0.49846138505978205, 0.4984596077577704, 0.49845715683358954, 0.498454029426763, 0.4984502272416206, 0.49844575765145965, 0.4984406308171126, 0.4984348576771476, 0.4984284451497594, 0.49842139537571273, 0.49841370814650704, 0.4984053857065169, 0.49839643480482404, 0.49838686440801133, 0.4983766802775305, 0.49836588254116226, 0.4983544673208117, 0.49834243150858726, 0.49832977437614784, 0.49831649635350933, 0.49830259610572913, 0.498288069996663, 0.4982729138345296, 0.4982571250797878, 0.4982407052500733, 0.49822365932810175, 0.49820599519625053, 0.4981877208909501, 0.4981688462489683, 0.49814938392857916, 0.49812935007565734, 0.4981087637599148, 0.4980876463481402, 0.49806601870740846, 0.49804390241520596, 0.49802131668514205, 0.4979982793222172, 0.49797480479417205, 0.4979509053851544, 0.49792658858044553, 0.4979018574766844, 0.4978767092158205, 0.4978511421258322, 0.49782515454170295, 0.497798743848145, 0.49777190700437324, 0.49774464512537175, 0.4977169656893822, 0.49768887977237614, 0.49766039427988545, 0.4976315141137396, 0.49760224541195847, 0.4975725972572711, 0.49754258148856234, 0.4975122177485601, 0.49748153078467233, 0.4974505463233406, 0.49741928578657774, 0.4973877683084684, 0.497356011314337, 0.49732403107962697, 0.49729183966270946, 0.4972594465761377, 0.4972268589084331, 0.49719408028942697, 0.497161110352549, 0.4971279509870818, 0.49709460886315654, 0.49706109272184795, 0.49702740976406434, 0.49699356494663294, 0.4969595693771094, 0.49692543713456905, 0.49689118367143104, 0.49685682221624006, 0.4968223666815523, 0.49678783392147036, 0.49675324187234493, 0.4967186079820634, 0.4966839475381448, 0.4966492754983173, 0.4966146092183743, 0.49657996791800296, 0.4965453701971421, 0.49651082952635, 0.496476354761045, 0.4964419512835704, 0.4964076227500405, 0.4963733719030595, 0.49633920420498495, 0.49630513006498783, 0.4962711645320543, 0.49623732386488845, 0.49620362095530784, 0.49617006543388803, 0.4961366667202722, 0.49610343774228266, 0.49607039409071135, 0.4960375516466532, 0.4960049251434696, 0.4959725275436943, 0.4959403707570902, 0.49590846571036157, 0.4958768203834949, 0.49584544142217474, 0.49581433233395583, 0.4957834970831783, 0.49575293838821227, 0.49572265647749975, 0.4956926488625424, 0.49566291468006735, 0.4956334581217574, 0.49560428763208975, 0.49557541344892897, 0.49554684723440495, 0.4955186040662169, 0.4954907042567845, 0.4954631701529363, 0.49543602368595807, 0.4954093586334549, 0.4953833413039011, 0.4953580065147914, 0.4953333720509248, 0.4953094446945401, 0.49528622097759856, 0.4952636878000229, 0.4952418195730393, 0.495220580312792, 0.49519992727803863, 0.49517980893197905, 0.4951601582492218, 0.49514090195460175, 0.49512200278590546, 0.49510346949967443, 0.49508534962613143, 0.4950677101651222, 0.4950506075648247, 0.49503406596343924, 0.4950180850026111, 0.49500265628996176, 0.49498777975443525, 0.4949734612427854, 0.49495970501254477, 0.4949465119302949, 0.4949338819327557, 0.49492181266528096, 0.49491029938420805, 0.49489933309081563, 0.49488890732104174, 0.49487902006487683, 0.4948696702934847, 0.49486085955468495, 0.49485259172168555, 0.49484486742159167, 0.49483768508885945, 0.4948310380546378, 0.4948249191317059, 0.49481932420880037, 0.4948142552659086, 0.4948097176084903, 0.4948057146887695, 0.4948022419351406, 0.49479928274380974, 0.4947968122911905, 0.49479480507772994, 0.49479324571848493, 0.49479212948799794, 0.4947914633611776, 0.4947912607221545, 0.49479153809654963, 0.49479230764295407, 0.4947935807483403, 0.49479536602847785, 0.4947976725335085, 0.49480050947190113, 0.494803881090217, 0.4948077842905428, 0.49481220932439846, 0.49481714491548856, 0.49482257799795887, 0.4948284976474353, 0.49483489129147823, 0.49484174651928475, 0.4948490447565621, 0.4948567656502095, 0.4948648914112082, 0.4948734094432262, 0.49488231111478503, 0.4948915937075674, 0.49490125821668884, 0.4949113022010994, 0.4949217204498968, 0.494932502770843, 0.4949436360806789, 0.49495510204543397, 0.49496687802587436, 0.49497894181991187, 0.4949912788418435, 0.4950038795448394, 0.4950167402981377, 0.4950298629808426, 0.4950432565669451, 0.4950569332940109, 0.4950708989116965, 0.4950851501274764, 0.4950996801112834, 0.4951144831405028, 0.4951295591453633, 0.4951449082969185, 0.4951605238356476, 0.4951763838688248, 0.49519245592689853, 0.4952087053601629, 0.49522510203900066, 0.4952416233598533, 0.49525825427227393, 0.4952749895119458, 0.49529182652605624, 0.49530876907204596, 0.495325819582708, 0.49534297751447864, 0.4953602351867378, 0.4953775856213444]
----------------------
