----------------------
:::::::::::::::::::::::::::::::::::::::::::::::::::::::::::::::::::::::::::::::
                                     Date and Time: 2025-02-18T02:05:14.920
:::::::::::::::::::::::::::::::::::::::::::::::::::::::::::::::::::::::::::::::
local boson: T = 0, alpha = 0.25, N_chain = 190, maxdim = 90, cutoff = -11, tau = 0.001, boson_dim = 15, omega_C = 5, jump = 20;
-7.904294430841836e-20;
4.945123852715551e-13;
0.20111631289154136;
0.7256832379520076;
1.5521265297914486;
2.4704872437253935;
3.562954636494919;
4.263997261375342;
4.998909981269994;
5.790784936302765;
6.245305601245941;
6.6810946671951665;
7.025975313731325;
7.488006551591135;
7.847488468284542;
8.271050540174299;
8.475390897153234;
8.659793120285027;
8.557547692307057;
8.694029212044047;
8.628977454125879;
8.766729195152525;
8.86932905837374;
8.984516365609592;
8.93896144980211;
8.881983026873039;
8.967684539108385;
8.509159411708486;
8.257277153244997;
8.311574463135633;
7.853993866067802;
7.428588985701051;
7.197175415403857;
7.293399341192513;
7.093155162759995;
7.140796385428881;
7.033427955309709;
6.705794535127328;
6.431440760057303;
6.06165933270802;
6.086199645640204;
5.915329526091247;
5.74090617341626;
5.739101067149746;
5.5980945878952175;
5.524894936722495;
5.239487480560829;
4.997286281862091;
4.952272349192397;
4.953764432027704;
4.976474476139048;
5.090162587726155;
4.945315915218971;
5.1049927561168325;
5.108290722424131;
4.806150813290361;
5.1391621457526275;
4.846135462996731;
4.846813465565845;
4.728220774232898;
4.631576042463964;
3.820239840290434;
3.5748083778760558;
