----------------------
:::::::::::::::::::::::::::::::::::::::::::::::::::::::::::::::::::::::::::::::
                                     Date and Time: 2025-02-18T02:05:14.913
:::::::::::::::::::::::::::::::::::::::::::::::::::::::::::::::::::::::::::::::
local boson: T = 0, alpha = 0.25, N_chain = 190, maxdim = 90, cutoff = -11, tau = 0.001, boson_dim = 15, omega_C = 5, jump = 20;
1.9181281600973992e-9;
3.125856356925729e-5;
0.013535591475990724;
0.049776605603726404;
0.10654130242170605;
0.17631805888138102;
0.2572151254891196;
0.34096064447483787;
0.4274492795184423;
0.511040042500805;
0.5908060414702148;
0.6662437098362437;
0.737489799954867;
0.8041376101748915;
0.8663097143265763;
0.9243156557315672;
0.9771889647783333;
1.024362055736686;
1.0645389532976168;
1.1035639104920711;
1.1382705839610525;
1.1729610342076753;
1.2048069788607494;
1.236260572810914;
1.2599194220536425;
1.2841992177766526;
1.3082437454930311;
1.3305607432374558;
1.3513266578428167;
1.370504671594385;
1.3872238260275036;
1.4040967371507536;
1.419790607233106;
1.4336625835905363;
1.4473968343903205;
1.459079331705866;
1.4710042865144344;
1.4816548216065073;
1.4925736729558268;
1.5019684347833089;
1.5096451889849585;
1.517363634662547;
1.525151165889076;
1.5350720784103182;
1.5428690100884277;
1.5524927387483416;
1.5605590102000517;
1.5673552658094965;
1.5750032329841999;
1.5805521709256383;
1.5890857067828845;
1.594013448626412;
1.6001852154179281;
1.606668296308585;
1.6122150865418599;
1.614325548226787;
1.6215445369265808;
1.6284524538014193;
1.63590115568371;
1.6404789786160985;
1.6419604324010197;
1.6368332681076556;
1.6395783383936517;
