----------------------
:::::::::::::::::::::::::::::::::::::::::::::::::::::::::::::::::::::::::::::::
                                     Date and Time: 2025-03-23T19:54:48.304
:::::::::::::::::::::::::::::::::::::::::::::::::::::::::::::::::::::::::::::::
local boson: T = 0.0, alpha = 0.25, N_chain = 30, maxdim = 100, cutoff = -13, tau = 0.02, jump = 5, boson_dim = 7, omega = 5;
3.0731723993854723e-12;
0.012375811826956079;
0.04807072227851315;
0.10318335465060641;
0.17234004824264798;
0.24985461059299602;
0.33064988004227847;
0.41075911309678853;
0.48743947196365917;
0.5590359514244341;
0.6247385952777736;
0.6843299256830563;
0.7379708460427421;
0.7860396445435747;
0.8290209292574484;
0.8674337231094488;
0.9017890793102331;
0.9325653684247539;
0.960197726492801;
0.9850739411133981;
1.00753547821381;
1.0278806523190114;
1.046368393963705;
1.0632225500064456;
1.0786369213374234;
1.0927788028540053;
1.1057932227804994;
1.117805400184092;
1.1289237123556033;
1.1392427103687293;
1.1488449011564943;
1.1578024912722975;
1.1661784897865877;
1.1740277551719065;
1.1813992091722174;
1.1883355622943528;
1.1948738555883405;
1.2010460598919777;
1.2068867448455374;
1.2124351064031262;
1.2177163836026783;
1.2227188807357146;
1.2274077234023317;
1.2317976939413577;
1.2360157045452316;
1.2402560198039683;
1.2446168330378222;
1.248943741516717;
1.252839785540494;
1.2558893064843217;
1.2579733888631368;
1.2594697056302673;
1.2611846491853562;
1.264021897907098;
1.2685430802478161;
1.2746338187053288;
1.281437253910845;
1.2875902293413823;
1.2916678666478913;
1.2926675802011887;
1.2903626926997476;
1.2854174825874845;
1.279244073316556;
1.2736618974421103;
1.270468785625519;
----------------------
:::::::::::::::::::::::::::::::::::::::::::::::::::::::::::::::::::::::::::::::
                                     Date and Time: 2025-03-23T21:41:36.276
:::::::::::::::::::::::::::::::::::::::::::::::::::::::::::::::::::::::::::::::
local boson: T = 0.0, alpha = 0.25, N_chain = 130, maxdim = 100, cutoff = -13, tau = 0.02, jump = 10, boson_dim = 8, omega = 5;
1.2811384035301042e-10;
0.012375826011232396;
0.04807082730162777;
0.10318365859757034;
0.17234057247435716;
0.24985528536942705;
0.33065069200736796;
0.4107600086523514;
0.4874402788533711;
0.5590365608724919;
0.6247389978771145;
0.6843301335714786;
0.7379708696517917;
0.7860396056792589;
0.8290209678424485;
0.8674341670557677;
0.9017899110469715;
0.9325666398835772;
0.9601993686560699;
0.9850760148751263;
1.007537921187825;
1.0278830700377566;
1.046370345825466;
1.0632238762173556;
1.078637471263656;
1.0927786271427773;
1.105792202163958;
1.117803623744738;
1.1289214301172095;
1.1392402651020463;
1.148842330722799;
1.1577996000760347;
1.166175129758408;
1.174024152373069;
1.181395287626404;
1.188331389074756;
1.194870285280229;
1.2010455480724516;
1.206887343745133;
1.2124228689297667;
1.2176765432755785;
1.2226699541115393;
1.227422236530578;
1.231950378028363;
1.2362696932784865;
1.240393881157836;
1.2443355694524743;
1.2481065995612386;
1.2517178439065477;
1.2551794051175658;
1.2585005088202141;
1.2616893367180748;
1.2647533920656508;
1.2676996827772744;
1.2705346669210373;
1.273264446522575;
1.2758946137623122;
1.2784302674789685;
1.2808760617316493;
1.28323643513603;
1.2855155035247203;
1.2877170468761703;
1.2898444655194021;
1.2919009811887536;
1.2938895726456487;
1.295813083547881;
1.2976743710309444;
1.2994761515339004;
1.3012209417525555;
1.30291091870437;
1.304548059222802;
1.3061343771194929;
1.3076717233638808;
1.3091621757773644;
1.3106074859305605;
1.3120093010203957;
1.3133691236812104;
1.3146881625837419;
1.3159674674650708;
1.3172083882165;
1.3184124354710725;
1.3195810140683921;
1.3207154513534536;
1.321816927182616;
1.3228864331319574;
1.3239250235708335;
1.3249334529700423;
1.3259127589158137;
1.326863929716563;
1.3277880690122463;
1.328685979664996;
1.329558305106396;
1.3304055696826262;
1.3312283357598056;
1.3320273314621607;
1.3328034522679022;
1.333557504074899;
1.334290108559835;
1.33500187540926;
1.3356932336180167;
1.3363644461231732;
1.3370159880806876;
1.3376484068089871;
1.3382622963150015;
1.3388582743203212;
1.3394369064586948;
1.339998757624563;
1.3405441315454398;
1.341073167452006;
1.3415860389782948;
1.3420831026225797;
1.3425650177866038;
1.3430325325981003;
1.3434861296340446;
1.3439260611386505;
1.3443524381940044;
1.3447654050804525;
1.3451654944076052;
1.3455532360591849;
1.3459289955381704;
1.3462928398962577;
1.346644882309562;
1.3469854791138485;
1.3473151947970612;
1.3476345000812353;
1.347943421281858;
1.3482418275758155;
1.3485298275533435;
1.3488078290034877;
1.3490760775060162;
1.3493348372431135;
1.3495843364688427;
1.3498246457060434;
1.35005579982859;
1.350278039657946;
1.3504917460356631;
1.3506974509971068;
1.3508956292049856;
1.351086664898845;
1.3512707028195918;
1.3514475143962754;
1.3516168824783457;
1.3517789946244239;
1.3519343550110376;
1.352083403307012;
1.352226184798469;
1.3523625671834087;
1.3524922976030056;
1.3526152818074137;
1.3527317053963261;
1.3528420605977172;
1.3529468398304698;
1.3530462903474005;
1.3531405890310706;
1.3532299001801362;
1.3533143686987361;
1.353394076240549;
1.3534690974586945;
1.353539529702516;
1.353605434226868;
1.3536669464791438;
1.3537240714844914;
1.353776830593505;
1.3538252661357062;
1.3538691136367882;
1.3539080153130016;
1.3539422845336107;
1.353973418790208;
1.354001902075611;
1.354025386241048;
1.354041632436344;
1.3540537043858278;
1.3540683937355633;
1.3540863056761552;
1.3540974738706733;
1.3540919958707318;
1.3540757385091877;
1.3540685001656858;
1.3540820095897288;
1.354101250239486;
1.354094284933446;
1.354045777554962;
1.3539796029804017;
