----------------------
:::::::::::::::::::::::::::::::::::::::::::::::::::::::::::::::::::::::::::::::
                                     Date and Time: 2025-03-31T23:00:15.985
:::::::::::::::::::::::::::::::::::::::::::::::::::::::::::::::::::::::::::::::
local boson: T = 0.0, alpha = 1.25, N_chain = 180, maxdim = 100, cutoff = -13, tau = 0.001, jump = 20, boson_dim = 9, omega = 5;
0.0;
0.0619376124415501;
0.2412782283289015;
0.5202621235180074;
0.8740533891224044;
1.2757539275442078;
1.700556952355993;
2.1282101253618135;
2.5438264715535537;
2.9375522439543276;
3.3036662968406674;
3.6395368320923316;
3.944672777053118;
4.219963180242723;
4.467114687642532;
4.688259753540386;
4.88569713341311;
5.061728143373169;
5.218559251586049;
5.358249021273229;
5.482683691893051;
5.5935704717634245;
5.692441484173796;
5.780663876962877;
5.859452854564256;
5.929885536852675;
5.992914823803179;
6.049382742672045;
6.10003284382157;
6.145521539739753;
6.186428297764706;
6.223264646661002;
6.25648226781726;
6.286480265363758;
6.3136116432261264;
6.338188858253301;
6.36048848401165;
6.380755240870652;
6.399205662555388;
6.416031474107027;
6.431402647049102;
6.445470098480599;
6.458368072611779;
6.470216081180965;
6.481120559176489;
6.491176179943514;
6.5004669044009935;
6.509067233428691;
6.517043659465193;
6.524455718457731;
6.531356498489228;
6.537793118218445;
6.543807580243595;
6.549437610152839;
6.554717117230989;
6.559676411856972;
6.564342592542503;
6.568739952977095;
6.572890320446677;
6.576813366213271;
6.580526928035232;
6.584047201801782;
6.587388739173214;
6.590564513070685;
6.5935863150694765;
6.596464979719974;
6.599210288779479;
6.601830933395999;
6.604334681660386;
6.606728656655992;
6.609019637353203;
6.611214142112086;
6.6133181344792185;
6.6153368387191245;
6.617274979652972;
6.619137043190463;
6.620927213529486;
6.622649261108204;
6.624306695326626;
6.625902969397904;
6.627441377658897;
6.628924781077479;
6.630355501361479;
6.631735672905135;
6.6330676136589855;
6.634353637686446;
6.635595648677186;
6.636795210247612;
6.637953988794522;
6.639074039799861;
6.640157578568357;
6.6412066087963195;
6.642222826133852;
6.6432076247455445;
6.644162054742624;
6.645086985835335;
6.645983270391057;
6.64685181097452;
6.64769355287981;
6.64850954858166;
6.649300840717938;
6.650068317992532;
6.650812844882941;
6.651535548953954;
6.65223770288364;
6.652920317275951;
6.6535840124690235;
6.654229082163813;
6.654855426339722;
6.655462775534845;
6.6560511913597855;
6.6566216702267536;
6.6571761806354;
6.657716847338703;
6.658244907673373;
6.658760355949054;
6.6592623886566775;
6.65975026419009;
6.660223877339171;
6.6606838077979855;
6.661130869482935;
6.661565717145284;
6.66198885298437;
6.662400848266015;
6.662802280073033;
6.663193552802228;
6.663574819639919;
6.663946133977093;
6.664307583644813;
6.664659457418;
6.665002332562826;
6.665336905439104;
6.665663686433357;
6.665982973317803;
6.666294943482417;
6.666599582610384;
6.666896603569518;
6.667185792594322;
6.667467394042418;
6.667742038103145;
6.668010245726702;
6.668272159617622;
6.668527636671864;
6.668776535479315;
6.669018988647421;
6.669255500946305;
6.669486663604975;
6.669712686001589;
6.6699333176188675;
6.6701482897841355;
6.670357625028255;
6.670561601747273;
6.67076052225559;
6.67095442754949;
6.671143195912775;
6.671327032648749;
6.671506606686357;
6.671682719177791;
6.671855785508723;
6.672025583081994;
6.672191577753386;
6.67235344731467;
6.672511224031046;
6.672665137323961;
6.672815456144649;
6.672962477702217;
6.673106379550134;
6.673247045787062;
6.67338420131201;
6.6735176812947845;
6.673647587022432;
6.673774344057697;
6.6738985408585485;
6.674020631329333;
6.674140599330911;
6.674257894915589;
6.674371914166245;
6.6744825769551;
6.6745902493978955;
6.6746953401043605;
6.674798020314227;
6.674898358900676;
6.674996472644999;
6.675092399516261;
6.675185952725004;
6.675276981510381;
6.675365719036592;
6.675452704606284;
6.675538282912129;
6.675622220148566;
6.675703888990373;
6.675782852505824;
6.675859195558458;
6.675933457694615;
6.676006278310808;
6.676078107719166;
6.676149052845173;
6.676218902072445;
6.676287273415854;
6.6763539118627575;
6.676418805572832;
6.67648197699405;
6.6765433260186375;
6.676602765665117;
6.676660440718395;
6.676716690345501;
6.676771797119371;
6.67682590613278;
6.676878995200149;
6.676930920137491;
6.676981579248957;
6.677031025255332;
6.67707928861015;
6.677126323997415;
6.677172350261015;
6.677217838522898;
6.677262359946686;
6.6773044969560935;
6.677345085613312;
6.677387426217338;
6.677428498684709;
6.67745830248596;
6.677481393684361;
6.677522070583917;
6.677581498630208;
6.677616459105438;
6.677604932434848;
6.677604558025444;
6.677684148315304;
6.677805362630275;
6.677840093760895;
6.677740215912865;
6.6776428901903175;
6.6777329937381715;
6.677996681142819;
6.678179993753765;
6.67805180763715;
6.677701485463493;
6.677510812106634;
6.67777363152084;
6.678342667877978;
6.678699640671511;
6.6784366557169905;
6.677700855372499;
6.677143508865075;
6.67736539951041;
6.678333968989491;
6.679316684604403;
6.679443985698309;
6.678459524793915;
6.677024398728947;
Date and Time: 2025-03-31T23:46:13.705
Output: local boson: T = 0.0, alpha = 1.25, N_chain = 180, maxdim = 100, cutoff = -13, tau = 0.001, jump = 20, boson_dim = 9, omega = 5
[0.0, 0.0619376124415501, 0.2412782283289015, 0.5202621235180074, 0.8740533891224044, 1.2757539275442078, 1.700556952355993, 2.1282101253618135, 2.5438264715535537, 2.9375522439543276, 3.3036662968406674, 3.6395368320923316, 3.944672777053118, 4.219963180242723, 4.467114687642532, 4.688259753540386, 4.88569713341311, 5.061728143373169, 5.218559251586049, 5.358249021273229, 5.482683691893051, 5.5935704717634245, 5.692441484173796, 5.780663876962877, 5.859452854564256, 5.929885536852675, 5.992914823803179, 6.049382742672045, 6.10003284382157, 6.145521539739753, 6.186428297764706, 6.223264646661002, 6.25648226781726, 6.286480265363758, 6.3136116432261264, 6.338188858253301, 6.36048848401165, 6.380755240870652, 6.399205662555388, 6.416031474107027, 6.431402647049102, 6.445470098480599, 6.458368072611779, 6.470216081180965, 6.481120559176489, 6.491176179943514, 6.5004669044009935, 6.509067233428691, 6.517043659465193, 6.524455718457731, 6.531356498489228, 6.537793118218445, 6.543807580243595, 6.549437610152839, 6.554717117230989, 6.559676411856972, 6.564342592542503, 6.568739952977095, 6.572890320446677, 6.576813366213271, 6.580526928035232, 6.584047201801782, 6.587388739173214, 6.590564513070685, 6.5935863150694765, 6.596464979719974, 6.599210288779479, 6.601830933395999, 6.604334681660386, 6.606728656655992, 6.609019637353203, 6.611214142112086, 6.6133181344792185, 6.6153368387191245, 6.617274979652972, 6.619137043190463, 6.620927213529486, 6.622649261108204, 6.624306695326626, 6.625902969397904, 6.627441377658897, 6.628924781077479, 6.630355501361479, 6.631735672905135, 6.6330676136589855, 6.634353637686446, 6.635595648677186, 6.636795210247612, 6.637953988794522, 6.639074039799861, 6.640157578568357, 6.6412066087963195, 6.642222826133852, 6.6432076247455445, 6.644162054742624, 6.645086985835335, 6.645983270391057, 6.64685181097452, 6.64769355287981, 6.64850954858166, 6.649300840717938, 6.650068317992532, 6.650812844882941, 6.651535548953954, 6.65223770288364, 6.652920317275951, 6.6535840124690235, 6.654229082163813, 6.654855426339722, 6.655462775534845, 6.6560511913597855, 6.6566216702267536, 6.6571761806354, 6.657716847338703, 6.658244907673373, 6.658760355949054, 6.6592623886566775, 6.65975026419009, 6.660223877339171, 6.6606838077979855, 6.661130869482935, 6.661565717145284, 6.66198885298437, 6.662400848266015, 6.662802280073033, 6.663193552802228, 6.663574819639919, 6.663946133977093, 6.664307583644813, 6.664659457418, 6.665002332562826, 6.665336905439104, 6.665663686433357, 6.665982973317803, 6.666294943482417, 6.666599582610384, 6.666896603569518, 6.667185792594322, 6.667467394042418, 6.667742038103145, 6.668010245726702, 6.668272159617622, 6.668527636671864, 6.668776535479315, 6.669018988647421, 6.669255500946305, 6.669486663604975, 6.669712686001589, 6.6699333176188675, 6.6701482897841355, 6.670357625028255, 6.670561601747273, 6.67076052225559, 6.67095442754949, 6.671143195912775, 6.671327032648749, 6.671506606686357, 6.671682719177791, 6.671855785508723, 6.672025583081994, 6.672191577753386, 6.67235344731467, 6.672511224031046, 6.672665137323961, 6.672815456144649, 6.672962477702217, 6.673106379550134, 6.673247045787062, 6.67338420131201, 6.6735176812947845, 6.673647587022432, 6.673774344057697, 6.6738985408585485, 6.674020631329333, 6.674140599330911, 6.674257894915589, 6.674371914166245, 6.6744825769551, 6.6745902493978955, 6.6746953401043605, 6.674798020314227, 6.674898358900676, 6.674996472644999, 6.675092399516261, 6.675185952725004, 6.675276981510381, 6.675365719036592, 6.675452704606284, 6.675538282912129, 6.675622220148566, 6.675703888990373, 6.675782852505824, 6.675859195558458, 6.675933457694615, 6.676006278310808, 6.676078107719166, 6.676149052845173, 6.676218902072445, 6.676287273415854, 6.6763539118627575, 6.676418805572832, 6.67648197699405, 6.6765433260186375, 6.676602765665117, 6.676660440718395, 6.676716690345501, 6.676771797119371, 6.67682590613278, 6.676878995200149, 6.676930920137491, 6.676981579248957, 6.677031025255332, 6.67707928861015, 6.677126323997415, 6.677172350261015, 6.677217838522898, 6.677262359946686, 6.6773044969560935, 6.677345085613312, 6.677387426217338, 6.677428498684709, 6.67745830248596, 6.677481393684361, 6.677522070583917, 6.677581498630208, 6.677616459105438, 6.677604932434848, 6.677604558025444, 6.677684148315304, 6.677805362630275, 6.677840093760895, 6.677740215912865, 6.6776428901903175, 6.6777329937381715, 6.677996681142819, 6.678179993753765, 6.67805180763715, 6.677701485463493, 6.677510812106634, 6.67777363152084, 6.678342667877978, 6.678699640671511, 6.6784366557169905, 6.677700855372499, 6.677143508865075, 6.67736539951041, 6.678333968989491, 6.679316684604403, 6.679443985698309, 6.678459524793915, 6.677024398728947]
----------------------
