----------------------
:::::::::::::::::::::::::::::::::::::::::::::::::::::::::::::::::::::::::::::::
                                     Date and Time: 2025-03-25T15:18:21.999
:::::::::::::::::::::::::::::::::::::::::::::::::::::::::::::::::::::::::::::::
local boson: T = 0.0, alpha = 0.25, N_chain = 130, maxdim = 100, cutoff = -13, tau = 0.02, jump = 10, boson_dim = 8, omega = 5;
1.2811384035301042e-10;
----------------------
:::::::::::::::::::::::::::::::::::::::::::::::::::::::::::::::::::::::::::::::
                                     Date and Time: 2025-03-25T15:24:42.535
:::::::::::::::::::::::::::::::::::::::::::::::::::::::::::::::::::::::::::::::
local boson: T = 0.0, alpha = 0.25, N_chain = 130, maxdim = 100, cutoff = -13, tau = 0.02, jump = 10, boson_dim = 8, omega = 5;
0.0;
0.012373994915945671;
0.04806776416988658;
0.10318083562619143;
0.17233862057331886;
0.24985389335886007;
0.3306495555526105;
0.4107591000034124;
0.4874400691410256;
0.5590377507781019;
0.6247417156719904;
0.6843340131002101;
0.7379750037158618;
0.7860433521230492;
0.8290239255027136;
0.8674366009848747;
0.9017920678539816;
0.9325686320775264;
0.9602010476425944;
0.9850770838854745;
1.007538258832202;
1.0278826774514884;
1.0463697679757014;
1.0632230276758798;
1.078636859490696;
1.0927787981857342;
1.1057933948518175;
1.1178056868045374;
1.1289246844515326;
1.1392447407715784;
1.1488481192303053;
1.1578057348217372;
1.1661807987442323;
1.1740293717462684;
1.181398774825846;
1.1883341555428597;
1.1948742495637543;
1.2010512954916737;
1.206894423265633;
1.2124290076558375;
1.217681281835813;
1.2226711520903117;
1.2274188357215445;
1.231942263153034;
1.2362578731244975;
1.2403790112384467;
1.244319313178011;
1.248090009100508;
1.2517023054771004;
1.2551647286152117;
1.258484344655027;
1.2616725003621263;
1.2647354231029009;
1.267681312089087;
1.2705173892596546;
1.2732506682666733;
1.2758854655191638;
1.2784255037923176;
1.2808744222287314;
1.2832354736364677;
1.285514836362013;
1.2877180223067415;
1.2898478901038912;
1.2919074572612184;
1.293900419042012;
1.2958285887553245;
1.2976948476734955;
1.299499707773027;
1.3012451246812542;
1.3029330909336159;
1.3045663725923289;
1.3061489086195937;
1.3076845980248768;
1.3091765787505367;
1.3106253178353078;
1.3120297965705299;
1.3133902556716677;
1.314708216782793;
1.3159857549267335;
1.317224711594917;
1.3184260686422602;
1.3195917053688995;
1.3207239366027688;
1.3218243092417004;
1.3228941058127297;
1.323932546980264;
1.3249401629778044;
1.3259176362909542;
1.3268659072571558;
1.327786092570798;
1.3286797652457782;
1.3295476408462195;
1.3303904628749348;
1.3312088340581358;
1.3320032116527682;
1.3327739072033853;
1.3335216916421246;
1.3342488872967684;
1.334957717069121;
1.3356497549615376;
1.3363245597094304;
1.3369820320243968;
1.3376227367082525;
1.3382468997096935;
1.3388544797361557;
1.3394452055329675;
1.3400177687830772;
1.340571385516942;
1.3411057298512439;
1.341621731276353;
1.3421198640061676;
1.3426002387710865;
1.3430616241435591;
1.3435048578705073;
1.3439330433191252;
1.3443494052794702;
1.3447566624264295;
1.3451559071532242;
1.345547521883855;
1.3459314075525677;
1.3463067789216654;
1.3466715134208087;
1.3470232106994964;
1.347359652379943;
1.3476803942576387;
1.3479863134049221;
1.3482796242084458;
1.3485625275402295;
1.3488365390256178;
1.3491021740266032;
1.349358924809882;
1.3496067105626122;
1.3498464044459422;
1.3500780290864154;
1.3503017090167508;
1.350517872608821;
1.3507283262488876;
1.350933188436029;
1.3511304790553555;
1.3513172374474962;
1.3514913997583837;
1.35165276189725;
1.3518016088905174;
1.3519389714329684;
1.3520666322762869;
1.3521872640088877;
1.3523035582745142;
1.3524179279743962;
1.3525328601023519;
1.3526495003591616;
1.3527683096623255;
1.3528874993258646;
1.3530037634514547;
1.3531136968191457;
1.3532146935667606;
1.3533051485927325;
1.3533861344326283;
1.353459930509774;
1.3535292122123974;
1.3535969091959983;
1.3536626574693322;
1.3537248365204861;
1.3537815216148539;
1.3538317558651582;
1.3538755889991403;
----------------------
:::::::::::::::::::::::::::::::::::::::::::::::::::::::::::::::::::::::::::::::
                                     Date and Time: 2025-03-28T16:53:07.948
:::::::::::::::::::::::::::::::::::::::::::::::::::::::::::::::::::::::::::::::
local boson: T = 0.0, alpha = 0.25, N_chain = 130, maxdim = 100, cutoff = -13, tau = 0.02, jump = 10, boson_dim = 8, omega = 5;
0.0;
0.012373995561196864;
0.0480678303834274;
0.10318094854408105;
0.17233875303367735;
0.249854016590944;
0.3306496558423505;
0.41075917939088236;
0.4874401334351727;
0.55903778504385;
0.6247417103531895;
0.6843339059590372;
0.7379747973755707;
