----------------------
:::::::::::::::::::::::::::::::::::::::::::::::::::::::::::::::::::::::::::::::
                                     Date and Time: 2025-03-27T00:10:15.329
:::::::::::::::::::::::::::::::::::::::::::::::::::::::::::::::::::::::::::::::
local boson: T = 0.0, alpha = 1.25, N_chain = 140, maxdim = 100, cutoff = -13, tau = 0.02, jump = 10, boson_dim = 10, omega = 5;
0.0;
0.061870007626332414;
0.24033928897183154;
0.5159048866762855;
0.8616951403767421;
1.2492747486413038;
1.65325033709826;
2.05376912803337;
2.437080982327208;
2.794862039830307;
3.122999917866593;
3.420331962963203;
3.6875817973493876;
3.9265601931147773;
4.139614799678812;
4.329271860727166;
4.498031802929081;
4.648244272625454;
4.782060048388063;
4.901408862140314;
5.008004012172579;
5.103356300348786;
5.18878883256193;
5.265455970772743;
5.334384240044693;
5.3964597155888505;
5.452452177833999;
5.503057679390864;
5.548868968946672;
5.590421455084522;
5.628173150154195;
5.662537238046178;
5.693868399934984;
5.722486454904137;
5.748667647151761;
5.772667767239247;
5.794712570356137;
5.815014787451962;
5.833732585331918;
5.851025172363051;
5.86702492753506;
5.881852968341661;
5.895617415130312;
5.908428522084348;
5.920365441223551;
5.931511701138734;
5.941931128824072;
5.951689675165532;
5.960842885973435;
5.969446919320424;
5.977546812926028;
5.985190207350982;
5.992412654948397;
5.999244862335797;
6.005709137587265;
6.011836922487702;
6.0176500100030115;
6.02316884796938;
6.028415394382096;
6.033412220308109;
6.0381811572296655;
6.042736878728705;
