----------------------
:::::::::::::::::::::::::::::::::::::::::::::::::::::::::::::::::::::::::::::::
                                     Date and Time: 2025-03-25T15:18:22.008
:::::::::::::::::::::::::::::::::::::::::::::::::::::::::::::::::::::::::::::::
local boson: T = 0.0, alpha = 0.25, N_chain = 130, maxdim = 100, cutoff = -13, tau = 0.02, jump = 10, boson_dim = 8, omega = 5;
1.1558246319299176e-6;
----------------------
:::::::::::::::::::::::::::::::::::::::::::::::::::::::::::::::::::::::::::::::
                                     Date and Time: 2025-03-25T15:24:42.543
:::::::::::::::::::::::::::::::::::::::::::::::::::::::::::::::::::::::::::::::
local boson: T = 0.0, alpha = 0.25, N_chain = 130, maxdim = 100, cutoff = -13, tau = 0.02, jump = 10, boson_dim = 8, omega = 5;
0.0;
0.1843577017086922;
0.7025031496109096;
1.4625573654995074;
2.3475832508532983;
3.2487215569922;
4.085937311461671;
4.813412851731428;
5.414329528065194;
5.891514925887096;
6.258526581796797;
6.533141776651726;
6.733400248216289;
6.87554844182674;
6.973249797202139;
7.037511346910623;
7.076956774666634;
7.098187005400149;
7.106163120578635;
7.1045933233543455;
7.096328549027993;
7.083454039352714;
7.0674618917623215;
7.049487043315465;
7.030389860607349;
7.01056824221594;
6.990508588435393;
6.970500867306758;
6.950775388600199;
6.931401376644149;
6.912576265499947;
6.894290487894152;
6.876590546900788;
6.859436038773764;
6.842793130110158;
6.826774355022984;
6.811444785659472;
6.796657255187881;
6.7823402437025;
6.768492981370291;
6.755085572565493;
6.742108289870925;
6.729532477952085;
6.7173497665574775;
6.705575227926293;
6.694209395906643;
6.683183487703389;
6.672464566932882;
6.6620304127730225;
6.651871089855819;
6.641972224169914;
6.632327196226175;
6.62286957480954;
6.613604613548163;
6.60459903719806;
6.5958971506314175;
6.587408277240849;
6.579076446432243;
6.570878349828498;
6.562767879412618;
6.554790342820979;
6.547002370192903;
6.539432411593363;
6.532038145608686;
6.52482239197831;
6.5177909736896105;
6.510886161192854;
6.5040604505795;
6.497268405853646;
6.49054068945333;
6.48383991385218;
6.477236473744294;
6.470815129341599;
6.464627574328645;
6.458605947115245;
6.452630537925319;
6.446692651345295;
6.440778845754571;
6.434964131814569;
6.429223548704664;
6.42353008440511;
6.417908017070051;
6.412408658833669;
6.407036534558917;
6.401789410581458;
6.396570764532941;
6.391350386954904;
6.386141007659163;
6.380948388527424;
6.375848716096014;
6.370812018878136;
6.365852207496079;
6.36094248670276;
6.3561136619323575;
6.351346601414295;
6.346584254335269;
6.341836690035723;
6.337134403408923;
6.332548951468915;
6.328118342759712;
6.323763129253783;
6.319487339076045;
6.315238022539125;
6.311052775675686;
6.306929719269141;
6.302883070840923;
6.2988802335896015;
6.294848617768649;
6.290815399541419;
6.286821348031193;
6.282863445930634;
6.27894209343366;
6.274947699411384;
6.270877190138233;
6.266816014219813;
6.2628665087482;
6.259052144624511;
6.25536144836709;
6.251766162450254;
6.248273377783173;
6.244942459691448;
6.24167713076824;
6.23839928905787;
6.235054234550421;
6.231640348840872;
6.228124475004673;
6.22462493134886;
6.22122688810295;
6.217932561931855;
6.214738569496346;
6.211556263885799;
6.208360831316559;
6.205178622371111;
6.202082257771282;
6.198944256298661;
6.195843282133096;
6.1928697961780195;
6.190063183190793;
6.1873957947698095;
6.184722217958017;
6.181972699389778;
6.1791385685606395;
6.176205625439178;
6.173192493850221;
6.170186666906923;
6.16720307278897;
6.164225620589757;
6.161320413635666;
6.158529430718476;
6.15593080594534;
6.153543378820095;
6.151347633014846;
6.149231535602317;
6.147060183835243;
6.1447944170830295;
6.1424149501184315;
6.139915372193999;
6.1374055038593625;
6.134930158436749;
6.132623572465794;
6.130428226140844;
6.128281667574256;
6.12613386474798;
6.1239665012829585;
6.121740556353185;
