----------------------
:::::::::::::::::::::::::::::::::::::::::::::::::::::::::::::::::::::::::::::::
                                     Date and Time: 2025-03-31T02:33:53.399
:::::::::::::::::::::::::::::::::::::::::::::::::::::::::::::::::::::::::::::::
local boson: T = 0.0, alpha = 1.25, N_chain = 180, maxdim = 100, cutoff = -13, tau = 0.001, jump = 20, boson_dim = 9, omega = 5;
0.0;
0.9219863376808917;
3.5126311712131777;
7.31254904983731;
11.737464596632528;
16.2432519592888;
20.429444139390274;
24.06618198208143;
27.06816482511897;
29.44809080308245;
31.272677885862983;
32.62993965731992;
33.60946841813594;
34.29229309943268;
34.74686716537346;
35.02874946276185;
35.181789875324505;
35.24001440921609;
35.22950260812402;
35.170062372494186;
35.076671918623;
34.960573286709774;
34.830143649073975;
34.69154910676667;
34.54936196693246;
34.40691337835288;
34.26658792520462;
34.130013248285735;
33.99830051715594;
33.872148739428994;
33.75197777673486;
33.637965839620406;
33.53012325679055;
33.42834999079511;
33.33250170403204;
33.24236586697278;
33.15766528585601;
33.078118648440075;
33.00341764964735;
32.933250313845114;
32.86731303931351;
32.80534299632855;
32.74706028243581;
32.6922431686965;
32.64064292193971;
32.59207845542933;
32.546335050095045;
32.50321266952588;
32.46252066408327;
32.42406844896786;
32.38770891181512;
32.35329306905923;
32.32068837935385;
32.289772517521314;
32.26042829693916;
32.23254390309974;
32.206010578988916;
32.1807285512516;
32.156643648332704;
32.133673226428165;
32.11174718427193;
32.090783289955425;
32.07071760309338;
32.051519250217154;
32.033129561851084;
32.01549305679912;
31.998539974696612;
31.98224528995003;
31.96659678777334;
31.951568329425847;
31.93711951605568;
31.923176680857473;
31.9097066622344;
31.89670407123465;
31.884161668422216;
31.872064168335342;
31.860389369149928;
31.849082946616008;
31.83811170219149;
31.827493458457113;
31.81722560978337;
31.807289767820798;
31.797653270466114;
31.78829929892993;
31.779221619489924;
31.77043625415778;
31.76193652704123;
31.753674642652;
31.745640439144168;
31.737811328926192;
31.730166889397694;
31.722721493657048;
31.715485150419894;
31.708447286916375;
31.701621767031355;
31.695002824571525;
31.688582854862958;
31.682360525691564;
31.676293293193922;
31.670358790546935;
31.664548746431187;
31.65884777006525;
31.653296720912394;
31.647916102283695;
31.642684384373993;
31.637585082501005;
31.63259627181133;
31.627713936660307;
31.622923937381167;
31.618237574271724;
31.61363104375235;
31.609095926762222;
31.6046556309609;
31.600323715393785;
31.596135929058185;
31.59208639880385;
31.58816378605883;
31.5843223717145;
31.5805305714903;
31.57678146981798;
31.573097058509;
31.56949973031508;
31.565989412899704;
31.562535222376113;
31.55911973459927;
31.555770570688885;
31.552512740989748;
31.549351629958622;
31.546290097228827;
31.543288371988446;
31.54034377553046;
31.537464511307327;
31.534642954013208;
31.531866764133923;
31.529128435922978;
31.526426177921373;
31.523773591490183;
31.521154324759607;
31.51859715987613;
31.51608829858595;
31.51362827836421;
31.511206362258505;
31.508839827256068;
31.506523353800723;
31.504225763098674;
31.501968383550206;
31.49974377771114;
31.497562362295156;
31.49545168106245;
31.49339276604183;
31.491358883313538;
31.489331078760216;
31.487319394431587;
31.485347904290258;
31.483409324124963;
31.48150309309093;
31.47962815305808;
31.477798112750776;
31.47599825335263;
31.474234015652442;
31.472524149535438;
31.470855126602125;
31.46921036086728;
31.467568318331494;
31.465940040904343;
31.464328515146605;
31.462730152432414;
31.461162495383405;
31.459620127064852;
31.458129480489724;
31.45667671465334;
31.455252095544438;
31.453858098046624;
31.452478876036984;
31.45109599156693;
31.449698767541307;
31.448321624577673;
31.44697357071616;
31.445681875958634;
31.444439964852528;
31.443201923098357;
31.441968197108856;
31.440722719604018;
31.43947737951852;
31.43824854846836;
31.437026450677664;
31.435837373653285;
31.434683681243968;
31.43357605041504;
31.432515368265733;
31.4314749182929;
31.43044109262415;
31.429401053021536;
31.428347170044717;
31.427296605521107;
31.426257570894983;
31.42523848711368;
31.42423269638897;
31.423241604286567;
31.422269515151008;
31.421312243518663;
31.4203695422055;
31.41943439301601;
31.418518263435644;
31.417601081119443;
31.416708691042388;
31.415863479970177;
31.41503666434116;
31.414229984660686;
31.41341461173255;
31.412573337127007;
31.411744212603736;
31.41092858853186;
31.41012881270658;
31.40942981236013;
31.408817353935888;
31.40801931610364;
31.40693090524198;
31.406030738561768;
31.405754391594577;
31.405352667892842;
31.40377099135724;
31.401973473727715;
31.402198787140883;
31.40383505032613;
31.403118249819762;
31.398858483571736;
31.395739704670724;
31.398437506333856;
31.403823535434668;
31.40345078138109;
31.39484573767598;
31.386865048235812;
31.39008313378215;
31.4026870787156;
31.410061009877992;
31.400622524565073;
31.38078873448002;
31.370794388511825;
31.383789150766077;
31.40980850108067;
31.422757553259366;
31.405635058848482;
31.369476388283438;
31.3462372182278;
31.36041485383577;
31.404799218669496;
31.443181424008756;
31.439617438277637;
31.389994232595157;
31.32904257276582;
Date and Time: 2025-03-31T03:17:34.879
Output: local boson: T = 0.0, alpha = 1.25, N_chain = 180, maxdim = 100, cutoff = -13, tau = 0.001, jump = 20, boson_dim = 9, omega = 5
[0.0, 0.9219863376808917, 3.5126311712131777, 7.31254904983731, 11.737464596632528, 16.2432519592888, 20.429444139390274, 24.06618198208143, 27.06816482511897, 29.44809080308245, 31.272677885862983, 32.62993965731992, 33.60946841813594, 34.29229309943268, 34.74686716537346, 35.02874946276185, 35.181789875324505, 35.24001440921609, 35.22950260812402, 35.170062372494186, 35.076671918623, 34.960573286709774, 34.830143649073975, 34.69154910676667, 34.54936196693246, 34.40691337835288, 34.26658792520462, 34.130013248285735, 33.99830051715594, 33.872148739428994, 33.75197777673486, 33.637965839620406, 33.53012325679055, 33.42834999079511, 33.33250170403204, 33.24236586697278, 33.15766528585601, 33.078118648440075, 33.00341764964735, 32.933250313845114, 32.86731303931351, 32.80534299632855, 32.74706028243581, 32.6922431686965, 32.64064292193971, 32.59207845542933, 32.546335050095045, 32.50321266952588, 32.46252066408327, 32.42406844896786, 32.38770891181512, 32.35329306905923, 32.32068837935385, 32.289772517521314, 32.26042829693916, 32.23254390309974, 32.206010578988916, 32.1807285512516, 32.156643648332704, 32.133673226428165, 32.11174718427193, 32.090783289955425, 32.07071760309338, 32.051519250217154, 32.033129561851084, 32.01549305679912, 31.998539974696612, 31.98224528995003, 31.96659678777334, 31.951568329425847, 31.93711951605568, 31.923176680857473, 31.9097066622344, 31.89670407123465, 31.884161668422216, 31.872064168335342, 31.860389369149928, 31.849082946616008, 31.83811170219149, 31.827493458457113, 31.81722560978337, 31.807289767820798, 31.797653270466114, 31.78829929892993, 31.779221619489924, 31.77043625415778, 31.76193652704123, 31.753674642652, 31.745640439144168, 31.737811328926192, 31.730166889397694, 31.722721493657048, 31.715485150419894, 31.708447286916375, 31.701621767031355, 31.695002824571525, 31.688582854862958, 31.682360525691564, 31.676293293193922, 31.670358790546935, 31.664548746431187, 31.65884777006525, 31.653296720912394, 31.647916102283695, 31.642684384373993, 31.637585082501005, 31.63259627181133, 31.627713936660307, 31.622923937381167, 31.618237574271724, 31.61363104375235, 31.609095926762222, 31.6046556309609, 31.600323715393785, 31.596135929058185, 31.59208639880385, 31.58816378605883, 31.5843223717145, 31.5805305714903, 31.57678146981798, 31.573097058509, 31.56949973031508, 31.565989412899704, 31.562535222376113, 31.55911973459927, 31.555770570688885, 31.552512740989748, 31.549351629958622, 31.546290097228827, 31.543288371988446, 31.54034377553046, 31.537464511307327, 31.534642954013208, 31.531866764133923, 31.529128435922978, 31.526426177921373, 31.523773591490183, 31.521154324759607, 31.51859715987613, 31.51608829858595, 31.51362827836421, 31.511206362258505, 31.508839827256068, 31.506523353800723, 31.504225763098674, 31.501968383550206, 31.49974377771114, 31.497562362295156, 31.49545168106245, 31.49339276604183, 31.491358883313538, 31.489331078760216, 31.487319394431587, 31.485347904290258, 31.483409324124963, 31.48150309309093, 31.47962815305808, 31.477798112750776, 31.47599825335263, 31.474234015652442, 31.472524149535438, 31.470855126602125, 31.46921036086728, 31.467568318331494, 31.465940040904343, 31.464328515146605, 31.462730152432414, 31.461162495383405, 31.459620127064852, 31.458129480489724, 31.45667671465334, 31.455252095544438, 31.453858098046624, 31.452478876036984, 31.45109599156693, 31.449698767541307, 31.448321624577673, 31.44697357071616, 31.445681875958634, 31.444439964852528, 31.443201923098357, 31.441968197108856, 31.440722719604018, 31.43947737951852, 31.43824854846836, 31.437026450677664, 31.435837373653285, 31.434683681243968, 31.43357605041504, 31.432515368265733, 31.4314749182929, 31.43044109262415, 31.429401053021536, 31.428347170044717, 31.427296605521107, 31.426257570894983, 31.42523848711368, 31.42423269638897, 31.423241604286567, 31.422269515151008, 31.421312243518663, 31.4203695422055, 31.41943439301601, 31.418518263435644, 31.417601081119443, 31.416708691042388, 31.415863479970177, 31.41503666434116, 31.414229984660686, 31.41341461173255, 31.412573337127007, 31.411744212603736, 31.41092858853186, 31.41012881270658, 31.40942981236013, 31.408817353935888, 31.40801931610364, 31.40693090524198, 31.406030738561768, 31.405754391594577, 31.405352667892842, 31.40377099135724, 31.401973473727715, 31.402198787140883, 31.40383505032613, 31.403118249819762, 31.398858483571736, 31.395739704670724, 31.398437506333856, 31.403823535434668, 31.40345078138109, 31.39484573767598, 31.386865048235812, 31.39008313378215, 31.4026870787156, 31.410061009877992, 31.400622524565073, 31.38078873448002, 31.370794388511825, 31.383789150766077, 31.40980850108067, 31.422757553259366, 31.405635058848482, 31.369476388283438, 31.3462372182278, 31.36041485383577, 31.404799218669496, 31.443181424008756, 31.439617438277637, 31.389994232595157, 31.32904257276582]
----------------------
