----------------------
:::::::::::::::::::::::::::::::::::::::::::::::::::::::::::::::::::::::::::::::
                                     Date and Time: 2025-04-01T07:33:02.970
:::::::::::::::::::::::::::::::::::::::::::::::::::::::::::::::::::::::::::::::
local boson: T = 0.0, alpha = 0.25, N_chain = 180, maxdim = 100, cutoff = -13, tau = 0.001, jump = 20, boson_dim = 9, omega = 5;
0.0;
0.01238755123605207;
0.04825780043490178;
0.10407526406035417;
0.17492478734786854;
0.25552719138516977;
0.3410631070266826;
0.42764238660432785;
0.5124385564899817;
0.5936006099175544;
0.6700614506786172;
0.7413274634714607;
0.8072936349914372;
0.8680996086157752;
0.9240261555743365;
0.975425029545274;
1.0226738093899677;
1.0661483008616142;
1.1062067736790575;
1.1431818369013136;
1.1773770379683877;
1.2090663440028295;
1.2384952922466397;
1.2658829498526702;
1.2914242089826677;
1.3152922338886657;
1.3376408814273624;
1.3586069517527823;
1.3783122245921047;
1.3968652661343959;
1.4143630037208998;
1.4308921145531859;
1.4465302592517009;
1.4613471506542486;
1.4754055108515942;
1.4887619666479948;
1.5014677180527805;
1.5135689739454412;
1.5251075178061437;
1.5361214203101115;
1.546645554266833;
1.5567118283403572;
1.5663494001917517;
1.5755849636333734;
1.5844429735359973;
1.5929458360984807;
1.6011140928085548;
1.6089665060244647;
1.6165202364760611;
1.6237912515533288;
1.6307945928658207;
1.6375443149335167;
1.6440534416139974;
1.6503341479748244;
1.6563978815269975;
1.662255333494899;
1.6679164035524443;
1.6733902220625534;
1.678685224324538;
1.6838091704932785;
1.6887692330547035;
1.6935722722730264;
1.6982250302972404;
1.702734027499364;
1.7071053010789803;
1.7113441759546155;
1.7154554265751976;
1.7194438335727522;
1.7233144508082103;
1.7270722284604665;
1.7307215466399615;
1.7342661824981653;
1.7377095832954328;
1.7410551030224455;
1.744306054138037;
1.747465731831062;
1.750537408032812;
1.7535241178919576;
1.756428416088171;
1.7592525296121837;
1.7619988306917995;
1.764670090680426;
1.7672693508744142;
1.7697996621736922;
1.7722637631742186;
1.7746638044208156;
1.7770013226914116;
1.7792774490354986;
1.781493212343205;
1.7836498193736665;
1.7857487177130125;
1.7877915127646427;
1.7897800197987102;
1.7917162624125549;
1.79360224974505;
1.7954397028687923;
1.797229944007858;
1.7989738602535108;
1.8006720008075114;
1.8023249584139143;
1.8039337553589059;
1.8055000389549352;
1.8070259534951505;
1.8085135921005522;
1.8099642715146056;
1.811378411061689;
1.812756239245312;
1.8140984515191245;
1.8154060672927237;
1.816679964685504;
1.8179207558722517;
1.8191289182255428;
1.8203049851538107;
1.8214498021993306;
1.8225645392809222;
1.8236502599582203;
1.824707624810134;
1.825736931267921;
1.8267382512358985;
1.8277117555751894;
1.8286582668588724;
1.8295793046873763;
1.8304763696775623;
1.8313502565509563;
1.8322010785556784;
1.833028770105867;
1.8338333065549124;
1.834614773362599;
1.8353737067773874;
1.8361112717709893;
1.8368287879725698;
1.8375271281058454;
1.8382066862081408;
1.8388677344023068;
1.8395105000648828;
1.840135060278726;
1.8407413967612913;
1.841329429123205;
1.8418990866788096;
1.84245054569269;
1.8429844348125035;
1.8435017627528336;
1.8440037095296842;
1.8444912915720586;
1.8449649886680453;
1.8454248598331706;
1.8458709703473761;
1.8463034116758472;
1.846721965532738;
1.8471261901602243;
1.8475159937911627;
1.8478918721775148;
1.84825459716124;
1.848604975111472;
1.8489437331954348;
1.8492712639625883;
1.849587548631711;
1.8498924971422408;
1.850186247443555;
1.8504691521622596;
1.8507416205642258;
1.851003827039643;
1.8512555581728478;
1.8514965352622479;
1.8517267980815197;
1.8519467417446454;
1.8521570392701387;
1.8523585649087297;
1.8525520942406732;
1.8527379712073517;
1.8529160737857;
1.8530860277010974;
1.8532475383164666;
1.8534006784390211;
1.8535458426876383;
1.8536835404098928;
1.8538142242058375;
1.8539381379065643;
1.854055389075702;
1.8541662483284798;
1.854271248148662;
1.8543707712645832;
1.854464552335029;
1.8545518104504988;
1.8546319340628286;
1.8547049460038667;
1.8547713319384975;
1.8548316096505901;
1.854886053957608;
1.8549346253797179;
1.8549771398990669;
1.8550138157710279;
1.8550455350995838;
1.8550732387789888;
1.8550971691669016;
1.8551168799101676;
1.8551318211559982;
1.8551415717218662;
1.8551457633279866;
1.8551442967748448;
1.8551376117577858;
1.8551264086234873;
1.8551111210978966;
1.8550919323225081;
1.8550693116028771;
1.8550442504834135;
1.8550176759616657;
1.8549896974688203;
1.854959589203235;
1.8549263511626009;
1.8548891370475893;
1.8548473481561096;
1.8548005464213753;
1.8547484600503978;
1.8546913554432432;
1.854630285229083;
1.8545667099079537;
1.8545017556721528;
1.8544356826491635;
1.8543680777961928;
1.8542986110824236;
1.8542275397752206;
1.8541553995048272;
1.854082290573866;
1.8540076383710586;
1.8539305672993778;
1.853850432564247;
1.8537672419400757;
1.8536816686928572;
1.8535945199350194;
1.8535061647871416;
1.8534166022045298;
1.8533260305860604;
1.853234502149206;
1.8531407759637577;
1.85304334929723;
1.8529435868715232;
1.8528449423852251;
1.852747146099545;
1.852644874023195;
1.852535634223453;
1.8524260998241988;
1.8523258232043276;
1.8522342019004876;
1.8521372086138117;
1.8520210018509786;
1.8518893437098591;
1.8517638741955715;
1.851663391340096;
1.8515821477219925;
1.8514908961037704;
Date and Time: 2025-04-01T08:17:59.628
Output: local boson: T = 0.0, alpha = 0.25, N_chain = 180, maxdim = 100, cutoff = -13, tau = 0.001, jump = 20, boson_dim = 9, omega = 5
[0.0, 0.01238755123605207, 0.04825780043490178, 0.10407526406035417, 0.17492478734786854, 0.25552719138516977, 0.3410631070266826, 0.42764238660432785, 0.5124385564899817, 0.5936006099175544, 0.6700614506786172, 0.7413274634714607, 0.8072936349914372, 0.8680996086157752, 0.9240261555743365, 0.975425029545274, 1.0226738093899677, 1.0661483008616142, 1.1062067736790575, 1.1431818369013136, 1.1773770379683877, 1.2090663440028295, 1.2384952922466397, 1.2658829498526702, 1.2914242089826677, 1.3152922338886657, 1.3376408814273624, 1.3586069517527823, 1.3783122245921047, 1.3968652661343959, 1.4143630037208998, 1.4308921145531859, 1.4465302592517009, 1.4613471506542486, 1.4754055108515942, 1.4887619666479948, 1.5014677180527805, 1.5135689739454412, 1.5251075178061437, 1.5361214203101115, 1.546645554266833, 1.5567118283403572, 1.5663494001917517, 1.5755849636333734, 1.5844429735359973, 1.5929458360984807, 1.6011140928085548, 1.6089665060244647, 1.6165202364760611, 1.6237912515533288, 1.6307945928658207, 1.6375443149335167, 1.6440534416139974, 1.6503341479748244, 1.6563978815269975, 1.662255333494899, 1.6679164035524443, 1.6733902220625534, 1.678685224324538, 1.6838091704932785, 1.6887692330547035, 1.6935722722730264, 1.6982250302972404, 1.702734027499364, 1.7071053010789803, 1.7113441759546155, 1.7154554265751976, 1.7194438335727522, 1.7233144508082103, 1.7270722284604665, 1.7307215466399615, 1.7342661824981653, 1.7377095832954328, 1.7410551030224455, 1.744306054138037, 1.747465731831062, 1.750537408032812, 1.7535241178919576, 1.756428416088171, 1.7592525296121837, 1.7619988306917995, 1.764670090680426, 1.7672693508744142, 1.7697996621736922, 1.7722637631742186, 1.7746638044208156, 1.7770013226914116, 1.7792774490354986, 1.781493212343205, 1.7836498193736665, 1.7857487177130125, 1.7877915127646427, 1.7897800197987102, 1.7917162624125549, 1.79360224974505, 1.7954397028687923, 1.797229944007858, 1.7989738602535108, 1.8006720008075114, 1.8023249584139143, 1.8039337553589059, 1.8055000389549352, 1.8070259534951505, 1.8085135921005522, 1.8099642715146056, 1.811378411061689, 1.812756239245312, 1.8140984515191245, 1.8154060672927237, 1.816679964685504, 1.8179207558722517, 1.8191289182255428, 1.8203049851538107, 1.8214498021993306, 1.8225645392809222, 1.8236502599582203, 1.824707624810134, 1.825736931267921, 1.8267382512358985, 1.8277117555751894, 1.8286582668588724, 1.8295793046873763, 1.8304763696775623, 1.8313502565509563, 1.8322010785556784, 1.833028770105867, 1.8338333065549124, 1.834614773362599, 1.8353737067773874, 1.8361112717709893, 1.8368287879725698, 1.8375271281058454, 1.8382066862081408, 1.8388677344023068, 1.8395105000648828, 1.840135060278726, 1.8407413967612913, 1.841329429123205, 1.8418990866788096, 1.84245054569269, 1.8429844348125035, 1.8435017627528336, 1.8440037095296842, 1.8444912915720586, 1.8449649886680453, 1.8454248598331706, 1.8458709703473761, 1.8463034116758472, 1.846721965532738, 1.8471261901602243, 1.8475159937911627, 1.8478918721775148, 1.84825459716124, 1.848604975111472, 1.8489437331954348, 1.8492712639625883, 1.849587548631711, 1.8498924971422408, 1.850186247443555, 1.8504691521622596, 1.8507416205642258, 1.851003827039643, 1.8512555581728478, 1.8514965352622479, 1.8517267980815197, 1.8519467417446454, 1.8521570392701387, 1.8523585649087297, 1.8525520942406732, 1.8527379712073517, 1.8529160737857, 1.8530860277010974, 1.8532475383164666, 1.8534006784390211, 1.8535458426876383, 1.8536835404098928, 1.8538142242058375, 1.8539381379065643, 1.854055389075702, 1.8541662483284798, 1.854271248148662, 1.8543707712645832, 1.854464552335029, 1.8545518104504988, 1.8546319340628286, 1.8547049460038667, 1.8547713319384975, 1.8548316096505901, 1.854886053957608, 1.8549346253797179, 1.8549771398990669, 1.8550138157710279, 1.8550455350995838, 1.8550732387789888, 1.8550971691669016, 1.8551168799101676, 1.8551318211559982, 1.8551415717218662, 1.8551457633279866, 1.8551442967748448, 1.8551376117577858, 1.8551264086234873, 1.8551111210978966, 1.8550919323225081, 1.8550693116028771, 1.8550442504834135, 1.8550176759616657, 1.8549896974688203, 1.854959589203235, 1.8549263511626009, 1.8548891370475893, 1.8548473481561096, 1.8548005464213753, 1.8547484600503978, 1.8546913554432432, 1.854630285229083, 1.8545667099079537, 1.8545017556721528, 1.8544356826491635, 1.8543680777961928, 1.8542986110824236, 1.8542275397752206, 1.8541553995048272, 1.854082290573866, 1.8540076383710586, 1.8539305672993778, 1.853850432564247, 1.8537672419400757, 1.8536816686928572, 1.8535945199350194, 1.8535061647871416, 1.8534166022045298, 1.8533260305860604, 1.853234502149206, 1.8531407759637577, 1.85304334929723, 1.8529435868715232, 1.8528449423852251, 1.852747146099545, 1.852644874023195, 1.852535634223453, 1.8524260998241988, 1.8523258232043276, 1.8522342019004876, 1.8521372086138117, 1.8520210018509786, 1.8518893437098591, 1.8517638741955715, 1.851663391340096, 1.8515821477219925, 1.8514908961037704]
----------------------
