----------------------
:::::::::::::::::::::::::::::::::::::::::::::::::::::::::::::::::::::::::::::::
                                     Date and Time: 2025-03-28T21:05:58.373
:::::::::::::::::::::::::::::::::::::::::::::::::::::::::::::::::::::::::::::::
local boson: T = 0.0, alpha = 0.25, N_chain = 160, maxdim = 100, cutoff = -13, tau = 0.001, jump = 20, boson_dim = 8, omega = 5;
0.0;
0.18439279681885287;
0.7024907793762823;
1.462389592059063;
2.347208908547519;
3.2481233946150088;
4.085102569721239;
4.812321233683832;
5.41294756781881;
5.88981226850712;
6.256509394901714;
6.530857856868178;
6.730883459503751;
6.872827126455543;
6.9703315443641305;
7.03438534246801;
7.073600718470246;
7.094585077736254;
7.102342639495174;
7.100620868881465;
7.092207433833099;
7.079162979938427;
7.063002536624149;
7.0448348361522966;
7.025465057882945;
7.00547063983057;
6.985260172975145;
6.96512309081772;
6.945264950444488;
6.925818493790892;
6.906870181101327;
6.888473022030739;
6.870657491854125;
6.85343359057642;
6.8368021368348355;
6.820755411563271;
6.8052726486810196;
6.790327384007013;
6.775898538634871;
6.761970914779126;
6.748526427285765;
6.73554196560754;
6.722991193671801;
6.710845596803895;
6.699077709022363;
6.687661884146482;
6.676578135396965;
6.665810441444633;
6.655347848573777;
6.645176941076828;
6.635284030169761;
6.625652585357623;
6.616265054701392;
6.607104140807574;
6.598156067020333;
6.58941897356474;
6.580891230559187;
6.572562113413327;
6.564415543738448;
6.5564356728000295;
6.548614066734654;
6.540945426469206;
6.533420618870091;
6.526032765269257;
6.518780867562906;
6.51166303507704;
6.504679593932534;
6.497826003525069;
6.491092110083866;
6.484465472840057;
6.477940546288514;
6.47151075226002;
6.465170382762302;
6.458916800467459;
6.452753422031877;
6.446686048671465;
6.440714827770337;
6.4348363221947125;
6.429047580780743;
6.423341814434975;
6.417708059643638;
6.412139150922985;
6.406634202078122;
6.401198494027326;
6.3958394291134475;
6.390558804451282;
6.38535101209723;
6.380205928878284;
6.375117310675524;
6.370080560781496;
6.365096383743255;
6.360169979885704;
6.355309256083146;
6.350514482941709;
6.3457805675917385;
6.341099320708042;
6.336463760146918;
6.331870371147511;
6.327326305345659;
6.322837602951495;
6.318411804583607;
6.314050306064261;
6.309743291649728;
6.305471534390542;
6.30122357819835;
6.2970021759327715;
6.292818322314641;
6.2886892945741035;
6.284625154781867;
6.280619777070377;
6.276656183499802;
6.272719147450625;
6.268798994268872;
6.2649002868832335;
6.261040776256705;
6.257241653704377;
6.253514879796471;
6.249844923074429;
6.246206924203893;
6.242584771940366;
6.238981278547063;
6.23540288974922;
6.2318662419377;
6.228383133151347;
6.224949601988762;
6.221546513533568;
6.218158920105282;
6.214782796524216;
6.211426189951793;
6.208105086805317;
6.204832219804866;
6.201605481299985;
6.198412963773502;
6.195244575761107;
6.192101600609604;
6.188984630023332;
6.185900894714468;
6.182860594326414;
6.179863099676288;
6.176887825803917;
6.173917885660382;
6.170959409558768;
6.168036799269801;
6.165164272904147;
6.162337133898259;
6.159544507251992;
6.156774323115163;
6.1540204706074455;
6.151288411761161;
6.148590200185082;
6.145926110054717;
Date and Time: 2025-03-28T21:35:51.007
Output: local boson: T = 0.0, alpha = 0.25, N_chain = 160, maxdim = 100, cutoff = -13, tau = 0.001, jump = 20, boson_dim = 8, omega = 5
[0.0, 0.18439279681885287, 0.7024907793762823, 1.462389592059063, 2.347208908547519, 3.2481233946150088, 4.085102569721239, 4.812321233683832, 5.41294756781881, 5.88981226850712, 6.256509394901714, 6.530857856868178, 6.730883459503751, 6.872827126455543, 6.9703315443641305, 7.03438534246801, 7.073600718470246, 7.094585077736254, 7.102342639495174, 7.100620868881465, 7.092207433833099, 7.079162979938427, 7.063002536624149, 7.0448348361522966, 7.025465057882945, 7.00547063983057, 6.985260172975145, 6.96512309081772, 6.945264950444488, 6.925818493790892, 6.906870181101327, 6.888473022030739, 6.870657491854125, 6.85343359057642, 6.8368021368348355, 6.820755411563271, 6.8052726486810196, 6.790327384007013, 6.775898538634871, 6.761970914779126, 6.748526427285765, 6.73554196560754, 6.722991193671801, 6.710845596803895, 6.699077709022363, 6.687661884146482, 6.676578135396965, 6.665810441444633, 6.655347848573777, 6.645176941076828, 6.635284030169761, 6.625652585357623, 6.616265054701392, 6.607104140807574, 6.598156067020333, 6.58941897356474, 6.580891230559187, 6.572562113413327, 6.564415543738448, 6.5564356728000295, 6.548614066734654, 6.540945426469206, 6.533420618870091, 6.526032765269257, 6.518780867562906, 6.51166303507704, 6.504679593932534, 6.497826003525069, 6.491092110083866, 6.484465472840057, 6.477940546288514, 6.47151075226002, 6.465170382762302, 6.458916800467459, 6.452753422031877, 6.446686048671465, 6.440714827770337, 6.4348363221947125, 6.429047580780743, 6.423341814434975, 6.417708059643638, 6.412139150922985, 6.406634202078122, 6.401198494027326, 6.3958394291134475, 6.390558804451282, 6.38535101209723, 6.380205928878284, 6.375117310675524, 6.370080560781496, 6.365096383743255, 6.360169979885704, 6.355309256083146, 6.350514482941709, 6.3457805675917385, 6.341099320708042, 6.336463760146918, 6.331870371147511, 6.327326305345659, 6.322837602951495, 6.318411804583607, 6.314050306064261, 6.309743291649728, 6.305471534390542, 6.30122357819835, 6.2970021759327715, 6.292818322314641, 6.2886892945741035, 6.284625154781867, 6.280619777070377, 6.276656183499802, 6.272719147450625, 6.268798994268872, 6.2649002868832335, 6.261040776256705, 6.257241653704377, 6.253514879796471, 6.249844923074429, 6.246206924203893, 6.242584771940366, 6.238981278547063, 6.23540288974922, 6.2318662419377, 6.228383133151347, 6.224949601988762, 6.221546513533568, 6.218158920105282, 6.214782796524216, 6.211426189951793, 6.208105086805317, 6.204832219804866, 6.201605481299985, 6.198412963773502, 6.195244575761107, 6.192101600609604, 6.188984630023332, 6.185900894714468, 6.182860594326414, 6.179863099676288, 6.176887825803917, 6.173917885660382, 6.170959409558768, 6.168036799269801, 6.165164272904147, 6.162337133898259, 6.159544507251992, 6.156774323115163, 6.1540204706074455, 6.151288411761161, 6.148590200185082, 6.145926110054717]
----------------------
----------------------
:::::::::::::::::::::::::::::::::::::::::::::::::::::::::::::::::::::::::::::::
                                     Date and Time: 2025-03-28T21:43:10.321
:::::::::::::::::::::::::::::::::::::::::::::::::::::::::::::::::::::::::::::::
local boson: T = 0.0, alpha = 0.25, N_chain = 160, maxdim = 100, cutoff = -13, tau = 0.001, jump = 20, boson_dim = 8, omega = 5;
0.0;
0.18439279681885287;
0.7024907793762823;
1.462389592059063;
2.347208908547519;
3.2481233946150088;
4.085102569721239;
4.812321233683832;
5.41294756781881;
5.88981226850712;
6.256509394901714;
6.530857856868178;
6.730883459503751;
6.872827126455543;
6.9703315443641305;
7.03438534246801;
7.073600718470246;
7.094585077736254;
7.102342639495174;
7.100620868881465;
7.092207433833099;
7.079162979938427;
7.063002536624149;
7.0448348361522966;
7.025465057882945;
7.00547063983057;
6.985260172975145;
6.96512309081772;
6.945264950444488;
6.925818493790892;
6.906870181101327;
6.888473022030739;
6.870657491854125;
6.85343359057642;
6.8368021368348355;
6.820755411563271;
6.8052726486810196;
6.790327384007013;
6.775898538634871;
6.761970914779126;
6.748526427285765;
6.73554196560754;
6.722991193671801;
6.710845596803895;
6.699077709022363;
6.687661884146482;
6.676578135396965;
6.665810441444633;
6.655347848573777;
6.645176941076828;
6.635284030169761;
6.625652585357623;
6.616265054701392;
6.607104140807574;
6.598156067020333;
6.58941897356474;
6.580891230559187;
6.572562113413327;
6.564415543738448;
6.5564356728000295;
6.548614066734654;
6.540945426469206;
6.533420618870091;
6.526032765269257;
6.518780867562906;
6.51166303507704;
6.504679593932534;
6.497826003525069;
6.491092110083866;
6.484465472840057;
6.477940546288514;
6.47151075226002;
6.465170382762302;
6.458916800467459;
6.452753422031877;
6.446686048671465;
6.440714827770337;
6.4348363221947125;
6.429047580780743;
6.423341814434975;
6.417708059643638;
6.412139150922985;
6.406634202078122;
6.401198494027326;
6.3958394291134475;
6.390558804451282;
6.38535101209723;
6.380205928878284;
6.375117310675524;
6.370080560781496;
6.365096383743255;
6.360169979885704;
6.355309256083146;
6.350514482941709;
6.3457805675917385;
6.341099320708042;
6.336463760146918;
6.331870371147511;
6.327326305345659;
6.322837602951495;
6.318411804583607;
6.314050306064261;
6.309743291649728;
6.305471534390542;
6.30122357819835;
6.2970021759327715;
6.292818322314641;
6.2886892945741035;
6.284625154781867;
6.280619777070377;
6.276656183499802;
6.272719147450625;
6.268798994268872;
6.2649002868832335;
6.261040776256705;
6.257241653704377;
6.253514879796471;
6.249844923074429;
6.246206924203893;
6.242584771940366;
6.238981278547063;
6.23540288974922;
6.2318662419377;
6.228383133151347;
6.224949601988762;
6.221546513533568;
6.218158920105282;
6.214782796524216;
6.211426189951793;
6.208105086805317;
6.204832219804866;
6.201605481299985;
6.198412963773502;
6.195244575761107;
6.192101600609604;
6.188984630023332;
6.185900894714468;
6.182860594326414;
6.179863099676288;
6.176887825803917;
6.173917885660382;
6.170959409558768;
6.168036799269801;
6.165164272904147;
6.162337133898259;
6.159544507251992;
6.156774323115163;
6.1540204706074455;
6.151288411761161;
6.148590200185082;
6.145926110054717;
6.1432853331043;
6.140656079585578;
6.138037237179574;
6.135436480467056;
6.132857004901744;
6.130299925793672;
6.127766222730278;
6.125261723864464;
6.1227935053567215;
6.120359770740703;
6.1179478438375785;
6.1155468826391495;
6.113159428723348;
6.110800933616622;
6.108486981934625;
6.10621454685116;
6.10396425816559;
6.101720798174167;
6.099479591487686;
6.097240641907977;
6.095008122495914;
6.092796000512513;
6.0906156187455425;
6.088464900677193;
6.0863362999472965;
6.084227083576382;
6.082139148188321;
6.080083711194451;
6.078068020155781;
6.076094697364601;
6.074151888649332;
6.07221450176031;
6.07026555972144;
6.068308721399017;
6.066356639908806;
6.064419368320035;
6.0625045482719795;
6.060613035319683;
6.058739498371078;
6.05688569139453;
6.055060034663541;
6.053263776168322;
6.0514883039932315;
6.049729439144155;
6.0479902919294215;
6.046273917866376;
6.044576424935063;
6.042895432823715;
6.041228143232784;
6.03956634966134;
6.037895949870876;
6.03622696567947;
6.0346101802725665;
6.033067617439667;
6.031514410649285;
6.0298542187196675;
6.028179275938589;
6.026717564452147;
6.025454861001441;
6.024029785316502;
6.022225313593234;
6.020409178407635;
6.019141275715002;
6.018354385639798;
6.01724506445249;
6.015199934735207;
6.012691898009775;
6.010951589322953;
6.010604668878711;
6.010780516713044;
6.009818098304073;
6.006991569792994;
6.003469991464653;
6.001399258720858;
6.001855589032367;
6.003612182866555;
6.003997828304889;
6.001201513890061;
5.996021448683971;
5.99146884246418;
5.990451317178024;
5.993352107845844;
5.997460168308557;
5.998799789709921;
5.995065633497995;
5.987489648959501;
5.980222212854062;
5.977607723870388;
5.981206316614361;
5.988556275229474;
5.99453528819583;
5.99448763797885;
5.987153032254239;
5.975614729031866;
5.965675436758282;
5.9626057608199385;
5.9681287012335416;
5.979316609990136;
5.99000501170599;
5.99394709020364;
Date and Time: 2025-03-28T23:35:38.058
Output: local boson: T = 0.0, alpha = 0.25, N_chain = 160, maxdim = 100, cutoff = -13, tau = 0.001, jump = 20, boson_dim = 8, omega = 5
[0.0, 0.18439279681885287, 0.7024907793762823, 1.462389592059063, 2.347208908547519, 3.2481233946150088, 4.085102569721239, 4.812321233683832, 5.41294756781881, 5.88981226850712, 6.256509394901714, 6.530857856868178, 6.730883459503751, 6.872827126455543, 6.9703315443641305, 7.03438534246801, 7.073600718470246, 7.094585077736254, 7.102342639495174, 7.100620868881465, 7.092207433833099, 7.079162979938427, 7.063002536624149, 7.0448348361522966, 7.025465057882945, 7.00547063983057, 6.985260172975145, 6.96512309081772, 6.945264950444488, 6.925818493790892, 6.906870181101327, 6.888473022030739, 6.870657491854125, 6.85343359057642, 6.8368021368348355, 6.820755411563271, 6.8052726486810196, 6.790327384007013, 6.775898538634871, 6.761970914779126, 6.748526427285765, 6.73554196560754, 6.722991193671801, 6.710845596803895, 6.699077709022363, 6.687661884146482, 6.676578135396965, 6.665810441444633, 6.655347848573777, 6.645176941076828, 6.635284030169761, 6.625652585357623, 6.616265054701392, 6.607104140807574, 6.598156067020333, 6.58941897356474, 6.580891230559187, 6.572562113413327, 6.564415543738448, 6.5564356728000295, 6.548614066734654, 6.540945426469206, 6.533420618870091, 6.526032765269257, 6.518780867562906, 6.51166303507704, 6.504679593932534, 6.497826003525069, 6.491092110083866, 6.484465472840057, 6.477940546288514, 6.47151075226002, 6.465170382762302, 6.458916800467459, 6.452753422031877, 6.446686048671465, 6.440714827770337, 6.4348363221947125, 6.429047580780743, 6.423341814434975, 6.417708059643638, 6.412139150922985, 6.406634202078122, 6.401198494027326, 6.3958394291134475, 6.390558804451282, 6.38535101209723, 6.380205928878284, 6.375117310675524, 6.370080560781496, 6.365096383743255, 6.360169979885704, 6.355309256083146, 6.350514482941709, 6.3457805675917385, 6.341099320708042, 6.336463760146918, 6.331870371147511, 6.327326305345659, 6.322837602951495, 6.318411804583607, 6.314050306064261, 6.309743291649728, 6.305471534390542, 6.30122357819835, 6.2970021759327715, 6.292818322314641, 6.2886892945741035, 6.284625154781867, 6.280619777070377, 6.276656183499802, 6.272719147450625, 6.268798994268872, 6.2649002868832335, 6.261040776256705, 6.257241653704377, 6.253514879796471, 6.249844923074429, 6.246206924203893, 6.242584771940366, 6.238981278547063, 6.23540288974922, 6.2318662419377, 6.228383133151347, 6.224949601988762, 6.221546513533568, 6.218158920105282, 6.214782796524216, 6.211426189951793, 6.208105086805317, 6.204832219804866, 6.201605481299985, 6.198412963773502, 6.195244575761107, 6.192101600609604, 6.188984630023332, 6.185900894714468, 6.182860594326414, 6.179863099676288, 6.176887825803917, 6.173917885660382, 6.170959409558768, 6.168036799269801, 6.165164272904147, 6.162337133898259, 6.159544507251992, 6.156774323115163, 6.1540204706074455, 6.151288411761161, 6.148590200185082, 6.145926110054717, 6.1432853331043, 6.140656079585578, 6.138037237179574, 6.135436480467056, 6.132857004901744, 6.130299925793672, 6.127766222730278, 6.125261723864464, 6.1227935053567215, 6.120359770740703, 6.1179478438375785, 6.1155468826391495, 6.113159428723348, 6.110800933616622, 6.108486981934625, 6.10621454685116, 6.10396425816559, 6.101720798174167, 6.099479591487686, 6.097240641907977, 6.095008122495914, 6.092796000512513, 6.0906156187455425, 6.088464900677193, 6.0863362999472965, 6.084227083576382, 6.082139148188321, 6.080083711194451, 6.078068020155781, 6.076094697364601, 6.074151888649332, 6.07221450176031, 6.07026555972144, 6.068308721399017, 6.066356639908806, 6.064419368320035, 6.0625045482719795, 6.060613035319683, 6.058739498371078, 6.05688569139453, 6.055060034663541, 6.053263776168322, 6.0514883039932315, 6.049729439144155, 6.0479902919294215, 6.046273917866376, 6.044576424935063, 6.042895432823715, 6.041228143232784, 6.03956634966134, 6.037895949870876, 6.03622696567947, 6.0346101802725665, 6.033067617439667, 6.031514410649285, 6.0298542187196675, 6.028179275938589, 6.026717564452147, 6.025454861001441, 6.024029785316502, 6.022225313593234, 6.020409178407635, 6.019141275715002, 6.018354385639798, 6.01724506445249, 6.015199934735207, 6.012691898009775, 6.010951589322953, 6.010604668878711, 6.010780516713044, 6.009818098304073, 6.006991569792994, 6.003469991464653, 6.001399258720858, 6.001855589032367, 6.003612182866555, 6.003997828304889, 6.001201513890061, 5.996021448683971, 5.99146884246418, 5.990451317178024, 5.993352107845844, 5.997460168308557, 5.998799789709921, 5.995065633497995, 5.987489648959501, 5.980222212854062, 5.977607723870388, 5.981206316614361, 5.988556275229474, 5.99453528819583, 5.99448763797885, 5.987153032254239, 5.975614729031866, 5.965675436758282, 5.9626057608199385, 5.9681287012335416, 5.979316609990136, 5.99000501170599, 5.99394709020364]
----------------------
