----------------------
:::::::::::::::::::::::::::::::::::::::::::::::::::::::::::::::::::::::::::::::
                                     Date and Time: 2025-03-28T20:43:15.989
:::::::::::::::::::::::::::::::::::::::::::::::::::::::::::::::::::::::::::::::
local boson: T = 0.0, alpha = 0.25, N_chain = 130, maxdim = 100, cutoff = -13, tau = 0.002, jump = 10, boson_dim = 7, omega = 5;
0.0;
----------------------
:::::::::::::::::::::::::::::::::::::::::::::::::::::::::::::::::::::::::::::::
                                     Date and Time: 2025-03-28T20:47:58.198
:::::::::::::::::::::::::::::::::::::::::::::::::::::::::::::::::::::::::::::::
local boson: T = 0.0, alpha = 0.25, N_chain = 130, maxdim = 100, cutoff = -13, tau = 0.002, jump = 10, boson_dim = 7, omega = 5;
0.0;
0.0018740618464836304;
0.22229438175057245;
0.7693089084312843;
1.5469738136602729;
2.4378872489952093;
3.335428939640416;
4.162942597560314;
4.8778166397850296;
5.465595413571737;
5.930536951813378;
6.286893384633417;
6.552650982963857;
6.7457479814584325;
6.882188503837264;
6.975365510480568;
7.036031238631264;
7.07258672300153;
7.091471685898683;
7.097557116557106;
7.09449161954801;
7.084987566149565;
7.071049095868544;
7.054147876931506;
7.035356602746825;
7.015450867056161;
6.994988794185563;
6.974367661789257;
6.953865271273612;
6.933671227666151;
6.9139136870560804;
6.894672368186812;
6.875997606951492;
6.857914685121358;
6.84043357012664;
6.8235510228245415;
6.807257030579175;
6.791538540856704;
6.776377297150622;
6.761754369684834;
6.747644370817524;
6.734022379357707;
6.720864002945349;
6.708148537624929;
6.695854867406127;
6.6839625344411555;
6.67245090662049;
6.661299331468488;
6.650489434956883;
6.64000260598731;
6.629822328645324;
6.619929836350467;
6.610308421484674;
6.600942362698827;
6.591816202635551;
6.58291590524026;
6.5742288085434275;
6.56574454323394;
6.55745464145369;
6.549350781705972;
6.541423064798938;
6.533663409568389;
6.526062498480327;
6.518610805711155;
6.511300070149378;
6.504123071763133;
6.497074749972208;
6.490152912785933;
6.483352575489064;
6.476669711115059;
6.470099038723379;
6.463634448008137;
6.457270693780522;
6.451005017128688;
6.44483369244272;
6.438753025134457;
6.432760203494003;
6.426852961522835;
6.421026792761732;
6.415278275980857;
6.409606982474493;
Date and Time: 2025-03-28T20:53:42.882
Output: local boson: T = 0.0, alpha = 0.25, N_chain = 130, maxdim = 100, cutoff = -13, tau = 0.002, jump = 10, boson_dim = 7, omega = 5
[0.0, 0.0018740618464836304, 0.22229438175057245, 0.7693089084312843, 1.5469738136602729, 2.4378872489952093, 3.335428939640416, 4.162942597560314, 4.8778166397850296, 5.465595413571737, 5.930536951813378, 6.286893384633417, 6.552650982963857, 6.7457479814584325, 6.882188503837264, 6.975365510480568, 7.036031238631264, 7.07258672300153, 7.091471685898683, 7.097557116557106, 7.09449161954801, 7.084987566149565, 7.071049095868544, 7.054147876931506, 7.035356602746825, 7.015450867056161, 6.994988794185563, 6.974367661789257, 6.953865271273612, 6.933671227666151, 6.9139136870560804, 6.894672368186812, 6.875997606951492, 6.857914685121358, 6.84043357012664, 6.8235510228245415, 6.807257030579175, 6.791538540856704, 6.776377297150622, 6.761754369684834, 6.747644370817524, 6.734022379357707, 6.720864002945349, 6.708148537624929, 6.695854867406127, 6.6839625344411555, 6.67245090662049, 6.661299331468488, 6.650489434956883, 6.64000260598731, 6.629822328645324, 6.619929836350467, 6.610308421484674, 6.600942362698827, 6.591816202635551, 6.58291590524026, 6.5742288085434275, 6.56574454323394, 6.55745464145369, 6.549350781705972, 6.541423064798938, 6.533663409568389, 6.526062498480327, 6.518610805711155, 6.511300070149378, 6.504123071763133, 6.497074749972208, 6.490152912785933, 6.483352575489064, 6.476669711115059, 6.470099038723379, 6.463634448008137, 6.457270693780522, 6.451005017128688, 6.44483369244272, 6.438753025134457, 6.432760203494003, 6.426852961522835, 6.421026792761732, 6.415278275980857, 6.409606982474493]
----------------------
