----------------------
:::::::::::::::::::::::::::::::::::::::::::::::::::::::::::::::::::::::::::::::
                                     Date and Time: 2025-03-27T00:10:15.339
:::::::::::::::::::::::::::::::::::::::::::::::::::::::::::::::::::::::::::::::
local boson: T = 0.0, alpha = 1.25, N_chain = 140, maxdim = 100, cutoff = -13, tau = 0.02, jump = 10, boson_dim = 10, omega = 5;
0.0;
0.921789201100656;
3.512534436471753;
7.312811052474703;
11.738135664336742;
16.244303585497107;
20.430888794832043;
24.068070275586003;
27.070468045557725;
29.450978001728515;
31.276380709368887;
32.63420582977798;
33.61432950720803;
34.29757631606195;
34.752556377151066;
35.03491786411749;
35.18867511369045;
35.247683187945356;
35.23798554968108;
35.1792822048938;
35.08662058745732;
34.97119860666474;
34.84153354145432;
34.70389044719251;
34.56282149674073;
34.42076441333636;
34.280804659180745;
34.144684663471324;
34.01365967541502;
33.88803997981324;
33.76838655370295;
33.654945180344015;
33.547539547993786;
33.446222128089495;
33.35110591318889;
33.261072423376845;
33.17658616886517;
33.09753492565194;
33.02323552477474;
32.95329901431428;
32.887682174100355;
32.8259942343886;
32.76808217631438;
32.71391375360517;
32.66320284217307;
32.615304667466894;
32.569698054818595;
32.52667185738269;
32.486108155049;
32.44789963756481;
32.41199120602306;
32.378295995961345;
32.34631628758876;
32.31583037617052;
32.28645365092999;
32.25899361440654;
32.232683508573444;
32.20744316013946;
32.18296238563271;
32.159342071288236;
32.137050045395014;
32.11612774310544;
32.09642759411203;
32.07739722279306;
32.0588061409504;
32.04092241096582;
