----------------------
:::::::::::::::::::::::::::::::::::::::::::::::::::::::::::::::::::::::::::::::
                                     Date and Time: 2025-03-23T19:54:48.311
:::::::::::::::::::::::::::::::::::::::::::::::::::::::::::::::::::::::::::::::
local boson: T = 0.0, alpha = 0.25, N_chain = 30, maxdim = 100, cutoff = -13, tau = 0.02, jump = 5, boson_dim = 7, omega = 5;
1.9245385537140572e-8;
0.18442153775604733;
0.7025925031101328;
1.4626066146175958;
2.3475857668839057;
3.2487043487526375;
4.085927397264437;
4.813428027559547;
5.414378617829004;
5.891601272909101;
6.258672827724392;
6.533401362230751;
6.733821932264652;
6.876148118480806;
6.974022912757639;
7.03843269493892;
7.077988681726572;
7.099294782013893;
7.107352578565118;
7.105914345808823;
7.097779734791188;
7.085016486099619;
7.069129467871282;
7.051222494794796;
7.032111661833021;
7.01234246132474;
6.99234368966084;
6.972411463164109;
6.95276711064175;
6.933567221974583;
6.914863049366009;
6.896716763068305;
6.87915070631512;
6.862167819088974;
6.845789398755384;
6.830015985425608;
6.8147414052321995;
6.799770061879707;
6.785196303180196;
6.771814300597547;
6.760322768047291;
6.749407413063359;
6.735541663018951;
6.716662834883172;
6.696679449246544;
6.68489319836181;
6.688561651902735;
6.704251818215054;
6.71619404285806;
6.704556902095553;
6.65876254125802;
6.587027925601919;
6.515550358265196;
6.477276017600574;
6.496152259480019;
6.57484779060153;
6.691689731548443;
6.807649587036337;
6.8798004461704245;
6.875722574975937;
6.783886242403318;
6.617141115195925;
6.408920783005464;
6.203923605063265;
6.046450791537673;
