----------------------
:::::::::::::::::::::::::::::::::::::::::::::::::::::::::::::::::::::::::::::::
                                     Date and Time: 2025-03-28T20:43:15.982
:::::::::::::::::::::::::::::::::::::::::::::::::::::::::::::::::::::::::::::::
local boson: T = 0.0, alpha = 0.25, N_chain = 130, maxdim = 100, cutoff = -13, tau = 0.002, jump = 10, boson_dim = 7, omega = 5;
0.0;
----------------------
:::::::::::::::::::::::::::::::::::::::::::::::::::::::::::::::::::::::::::::::
                                     Date and Time: 2025-03-28T20:47:58.197
:::::::::::::::::::::::::::::::::::::::::::::::::::::::::::::::::::::::::::::::
local boson: T = 0.0, alpha = 0.25, N_chain = 130, maxdim = 100, cutoff = -13, tau = 0.002, jump = 10, boson_dim = 7, omega = 5;
0.0;
0.00012496243507911187;
0.014940607853633351;
0.05277922850200041;
0.10954249703425392;
0.17977587095978276;
0.2578192111329003;
0.3386905256983377;
0.41854456139392077;
0.4947547721376089;
0.5657612716521895;
0.6308235871690705;
0.6897703646390068;
0.7427903941735254;
0.7902769741787711;
0.8327211062907608;
0.870643094839983;
0.9045517241793611;
0.9349220106312269;
0.9621848408264785;
0.9867238462937005;
1.0088764275804845;
1.0289369647735436;
1.0471610116126497;
1.0637697638686456;
1.0789544096190533;
1.092880161450255;
1.1056898798970287;
1.1175072636838723;
1.128439622811239;
1.138580269713091;
1.1480105636534468;
1.1568016428621395;
1.1650158814977716;
1.1727081265747623;
1.1799267584008968;
1.1867145846370433;
1.1931095843866955;
1.1991455190027587;
1.2048524344660303;
1.2102571182456228;
1.2153835354728981;
1.2202532094208598;
1.2248855166787351;
1.2292979138492177;
1.2335061315025162;
1.2375243657883663;
1.2413654638831702;
1.2450410820354632;
1.2485618068772508;
1.2519372521210672;
1.2551761603914666;
1.2582865023655228;
1.2612755648872407;
1.2641500304401427;
1.2669160398013675;
1.2695792644019623;
1.2721449867406964;
1.2746181305175313;
1.2770032523061097;
1.2793045414441873;
1.2815258582879356;
1.2836707891349033;
1.2857426749755547;
1.2877446406195954;
1.289679641874743;
1.2915504923742624;
1.2933598587424098;
1.295110240974743;
1.2968039596068464;
1.2984431681653652;
1.3000298865371462;
1.3015660356132053;
1.3030534494926527;
1.3044938745808472;
1.3058889742444644;
1.3072403412115399;
1.308549483974069;
1.309817816791415;
1.3110467042174818;
1.3122375051269641;
Date and Time: 2025-03-28T20:53:42.881
Output: local boson: T = 0.0, alpha = 0.25, N_chain = 130, maxdim = 100, cutoff = -13, tau = 0.002, jump = 10, boson_dim = 7, omega = 5
[0.0, 0.00012496243507911187, 0.014940607853633351, 0.05277922850200041, 0.10954249703425392, 0.17977587095978276, 0.2578192111329003, 0.3386905256983377, 0.41854456139392077, 0.4947547721376089, 0.5657612716521895, 0.6308235871690705, 0.6897703646390068, 0.7427903941735254, 0.7902769741787711, 0.8327211062907608, 0.870643094839983, 0.9045517241793611, 0.9349220106312269, 0.9621848408264785, 0.9867238462937005, 1.0088764275804845, 1.0289369647735436, 1.0471610116126497, 1.0637697638686456, 1.0789544096190533, 1.092880161450255, 1.1056898798970287, 1.1175072636838723, 1.128439622811239, 1.138580269713091, 1.1480105636534468, 1.1568016428621395, 1.1650158814977716, 1.1727081265747623, 1.1799267584008968, 1.1867145846370433, 1.1931095843866955, 1.1991455190027587, 1.2048524344660303, 1.2102571182456228, 1.2153835354728981, 1.2202532094208598, 1.2248855166787351, 1.2292979138492177, 1.2335061315025162, 1.2375243657883663, 1.2413654638831702, 1.2450410820354632, 1.2485618068772508, 1.2519372521210672, 1.2551761603914666, 1.2582865023655228, 1.2612755648872407, 1.2641500304401427, 1.2669160398013675, 1.2695792644019623, 1.2721449867406964, 1.2746181305175313, 1.2770032523061097, 1.2793045414441873, 1.2815258582879356, 1.2836707891349033, 1.2857426749755547, 1.2877446406195954, 1.289679641874743, 1.2915504923742624, 1.2933598587424098, 1.295110240974743, 1.2968039596068464, 1.2984431681653652, 1.3000298865371462, 1.3015660356132053, 1.3030534494926527, 1.3044938745808472, 1.3058889742444644, 1.3072403412115399, 1.308549483974069, 1.309817816791415, 1.3110467042174818, 1.3122375051269641]
----------------------
