----------------------
:::::::::::::::::::::::::::::::::::::::::::::::::::::::::::::::::::::::::::::::
                                     Date and Time: 2025-03-31T23:00:15.987
:::::::::::::::::::::::::::::::::::::::::::::::::::::::::::::::::::::::::::::::
local boson: T = 0.0, alpha = 1.25, N_chain = 180, maxdim = 100, cutoff = -13, tau = 0.001, jump = 20, boson_dim = 9, omega = 5;
0.0;
0.9232061098862663;
3.5304055562338648;
7.390539464294635;
11.940987280118796;
16.636680313948993;
21.053112762406315;
24.924391127565315;
28.130492858545036;
30.65954082457491;
32.56629344247162;
33.93815065783943;
34.8718553649109;
35.45974291432807;
35.78298678023589;
35.90930461003643;
35.893192330751155;
35.777364865050544;
35.59457528808554;
35.36944032519742;
35.120164502401124;
34.85998047881062;
34.59832847455227;
34.34179045404901;
34.09479411145711;
33.86013585792964;
33.6394401829627;
33.43348709862376;
33.24247578726302;
33.06617661977382;
32.90408993962987;
32.75552201833274;
32.61967174808458;
32.495668548504895;
32.38263074650143;
32.27971042372115;
32.186071054338974;
32.10093340833299;
32.02356904697832;
31.95324093567713;
31.88930988473527;
31.83118760850811;
31.778317570458945;
31.730184598631986;
31.686364848348326;
31.64645100656807;
31.610071487515704;
31.5768551057758;
31.54650226190335;
31.518743097621822;
31.493330398188306;
31.470035529448104;
31.448631161097218;
31.428964879584647;
31.410857647157115;
31.39417334908419;
31.378778289305657;
31.36452897911913;
31.35133078231143;
31.33907093575587;
31.32770010326842;
31.31713758044134;
31.307307698749092;
31.298122437456442;
31.289504793692615;
31.281416410221645;
31.273832800339015;
31.266719509029592;
31.26004208679293;
31.253757056815786;
31.247797832420588;
31.242161239297275;
31.236824344426815;
31.23175329732244;
31.226926370363095;
31.222334922878275;
31.217974652984303;
31.213824399215504;
31.20985666859145;
31.206071062232105;
31.20245199085656;
31.199017083474253;
31.19573667433773;
31.192571751005104;
31.18954583382174;
31.186657188602908;
31.183894227263785;
31.181207914707024;
31.178590796087725;
31.17604162499714;
31.173568799040417;
31.1711996608201;
31.168938885010803;
31.166770157337126;
31.164693914375952;
31.1626856901739;
31.16075473946284;
31.158880885112005;
31.157061380920815;
31.155298957776026;
31.153582954577878;
31.151914517183982;
31.150269813374706;
31.14865461259837;
31.14707717674814;
31.145573903914674;
31.1441299698728;
31.14277221033327;
31.14146846846043;
31.140178118204354;
31.1388826848508;
31.137546385913502;
31.13622380282807;
31.1349746703729;
31.133801182481;
31.132726655982275;
31.131688100912164;
31.130657578596328;
31.12965910515811;
31.128681441168986;
31.127713971361565;
31.126779765513312;
31.125852015899227;
31.12493055786789;
31.124026080838824;
31.12313341595646;
31.12228310536122;
31.12141629783389;
31.120539670994596;
31.119660843690404;
31.11877784198439;
31.11796230433783;
31.117212389753867;
31.116495299994234;
31.115807110937574;
31.115154295337817;
31.114505830276045;
31.11384754458181;
31.113183621573583;
31.112535454725588;
31.11192691399348;
31.11136210334446;
31.11080245787212;
31.110253405135772;
31.10970687166438;
31.109141791083175;
31.10858426205;
31.108037034715643;
31.1075115040924;
31.106994002318707;
31.10647420606216;
31.105986442538367;
31.10551244027645;
31.105061597963996;
31.10458977885731;
31.10406300016833;
31.1035356355954;
31.103021955021433;
31.102551026270397;
31.10214214669;
31.101742682327227;
31.101341730226487;
31.100956141050162;
31.100580236154464;
31.100213544034325;
31.099871598330843;
31.099558650267475;
31.099245425715743;
31.098909749963973;
31.09854666370044;
31.098171854976272;
31.097804778363773;
31.097465147877962;
31.097169066339553;
31.096892629063262;
31.09660216870183;
31.096303513171513;
31.095996955767326;
31.095672893628752;
31.095363228917947;
31.095051021390802;
31.094745798167466;
31.09446632559287;
31.09420827948646;
31.09399625370599;
31.09377045924044;
31.093528180502787;
31.09327388656395;
31.09301744716271;
31.092758266739004;
31.09249174152621;
31.09220326159621;
31.091903421886983;
31.091618457319946;
31.09134872171616;
31.091125961814647;
31.090938411768697;
31.090752795462855;
31.090579132831273;
31.09039910717118;
31.090237074538216;
31.09007695762577;
31.08990026339991;
31.08970325431011;
31.08949293078809;
31.089268731757137;
31.089041539233108;
31.088836862205632;
31.088646711617386;
31.08844383876817;
31.088228657416416;
31.088034678104123;
31.08786705786808;
31.087713918045438;
31.08756414118931;
31.087471359765324;
31.087414114995177;
31.087247750129855;
31.087023063890072;
31.08706123199366;
31.08726133161951;
31.086791481698192;
31.085657079533526;
31.085636956298096;
31.087311461560503;
31.087798630764645;
31.084968863177153;
31.082134515785384;
31.084201101089434;
31.08972874054865;
31.091000804113335;
31.083994908126364;
31.075860991591227;
31.077745250652484;
31.090294343534914;
31.100184802535942;
31.09379147687592;
31.074255727193602;
31.061203141691436;
31.07111174777208;
31.098264871135385;
31.11703580759091;
31.105794318448446;
31.069806407786828;
31.039866923698717;
31.045921614675017;
31.08859941657905;
31.134942590013942;
31.14408913005156;
31.10213213623758;
31.036951875103277;
Date and Time: 2025-03-31T23:46:13.706
Output: local boson: T = 0.0, alpha = 1.25, N_chain = 180, maxdim = 100, cutoff = -13, tau = 0.001, jump = 20, boson_dim = 9, omega = 5
[0.0, 0.9232061098862663, 3.5304055562338648, 7.390539464294635, 11.940987280118796, 16.636680313948993, 21.053112762406315, 24.924391127565315, 28.130492858545036, 30.65954082457491, 32.56629344247162, 33.93815065783943, 34.8718553649109, 35.45974291432807, 35.78298678023589, 35.90930461003643, 35.893192330751155, 35.777364865050544, 35.59457528808554, 35.36944032519742, 35.120164502401124, 34.85998047881062, 34.59832847455227, 34.34179045404901, 34.09479411145711, 33.86013585792964, 33.6394401829627, 33.43348709862376, 33.24247578726302, 33.06617661977382, 32.90408993962987, 32.75552201833274, 32.61967174808458, 32.495668548504895, 32.38263074650143, 32.27971042372115, 32.186071054338974, 32.10093340833299, 32.02356904697832, 31.95324093567713, 31.88930988473527, 31.83118760850811, 31.778317570458945, 31.730184598631986, 31.686364848348326, 31.64645100656807, 31.610071487515704, 31.5768551057758, 31.54650226190335, 31.518743097621822, 31.493330398188306, 31.470035529448104, 31.448631161097218, 31.428964879584647, 31.410857647157115, 31.39417334908419, 31.378778289305657, 31.36452897911913, 31.35133078231143, 31.33907093575587, 31.32770010326842, 31.31713758044134, 31.307307698749092, 31.298122437456442, 31.289504793692615, 31.281416410221645, 31.273832800339015, 31.266719509029592, 31.26004208679293, 31.253757056815786, 31.247797832420588, 31.242161239297275, 31.236824344426815, 31.23175329732244, 31.226926370363095, 31.222334922878275, 31.217974652984303, 31.213824399215504, 31.20985666859145, 31.206071062232105, 31.20245199085656, 31.199017083474253, 31.19573667433773, 31.192571751005104, 31.18954583382174, 31.186657188602908, 31.183894227263785, 31.181207914707024, 31.178590796087725, 31.17604162499714, 31.173568799040417, 31.1711996608201, 31.168938885010803, 31.166770157337126, 31.164693914375952, 31.1626856901739, 31.16075473946284, 31.158880885112005, 31.157061380920815, 31.155298957776026, 31.153582954577878, 31.151914517183982, 31.150269813374706, 31.14865461259837, 31.14707717674814, 31.145573903914674, 31.1441299698728, 31.14277221033327, 31.14146846846043, 31.140178118204354, 31.1388826848508, 31.137546385913502, 31.13622380282807, 31.1349746703729, 31.133801182481, 31.132726655982275, 31.131688100912164, 31.130657578596328, 31.12965910515811, 31.128681441168986, 31.127713971361565, 31.126779765513312, 31.125852015899227, 31.12493055786789, 31.124026080838824, 31.12313341595646, 31.12228310536122, 31.12141629783389, 31.120539670994596, 31.119660843690404, 31.11877784198439, 31.11796230433783, 31.117212389753867, 31.116495299994234, 31.115807110937574, 31.115154295337817, 31.114505830276045, 31.11384754458181, 31.113183621573583, 31.112535454725588, 31.11192691399348, 31.11136210334446, 31.11080245787212, 31.110253405135772, 31.10970687166438, 31.109141791083175, 31.10858426205, 31.108037034715643, 31.1075115040924, 31.106994002318707, 31.10647420606216, 31.105986442538367, 31.10551244027645, 31.105061597963996, 31.10458977885731, 31.10406300016833, 31.1035356355954, 31.103021955021433, 31.102551026270397, 31.10214214669, 31.101742682327227, 31.101341730226487, 31.100956141050162, 31.100580236154464, 31.100213544034325, 31.099871598330843, 31.099558650267475, 31.099245425715743, 31.098909749963973, 31.09854666370044, 31.098171854976272, 31.097804778363773, 31.097465147877962, 31.097169066339553, 31.096892629063262, 31.09660216870183, 31.096303513171513, 31.095996955767326, 31.095672893628752, 31.095363228917947, 31.095051021390802, 31.094745798167466, 31.09446632559287, 31.09420827948646, 31.09399625370599, 31.09377045924044, 31.093528180502787, 31.09327388656395, 31.09301744716271, 31.092758266739004, 31.09249174152621, 31.09220326159621, 31.091903421886983, 31.091618457319946, 31.09134872171616, 31.091125961814647, 31.090938411768697, 31.090752795462855, 31.090579132831273, 31.09039910717118, 31.090237074538216, 31.09007695762577, 31.08990026339991, 31.08970325431011, 31.08949293078809, 31.089268731757137, 31.089041539233108, 31.088836862205632, 31.088646711617386, 31.08844383876817, 31.088228657416416, 31.088034678104123, 31.08786705786808, 31.087713918045438, 31.08756414118931, 31.087471359765324, 31.087414114995177, 31.087247750129855, 31.087023063890072, 31.08706123199366, 31.08726133161951, 31.086791481698192, 31.085657079533526, 31.085636956298096, 31.087311461560503, 31.087798630764645, 31.084968863177153, 31.082134515785384, 31.084201101089434, 31.08972874054865, 31.091000804113335, 31.083994908126364, 31.075860991591227, 31.077745250652484, 31.090294343534914, 31.100184802535942, 31.09379147687592, 31.074255727193602, 31.061203141691436, 31.07111174777208, 31.098264871135385, 31.11703580759091, 31.105794318448446, 31.069806407786828, 31.039866923698717, 31.045921614675017, 31.08859941657905, 31.134942590013942, 31.14408913005156, 31.10213213623758, 31.036951875103277]
----------------------
