----------------------
:::::::::::::::::::::::::::::::::::::::::::::::::::::::::::::::::::::::::::::::
                                     Date and Time: 2025-03-31T02:33:53.398
:::::::::::::::::::::::::::::::::::::::::::::::::::::::::::::::::::::::::::::::
local boson: T = 0.0, alpha = 1.25, N_chain = 180, maxdim = 100, cutoff = -13, tau = 0.001, jump = 20, boson_dim = 9, omega = 5;
0.0;
0.06187612140273144;
0.24034321062367148;
0.5158971483158757;
0.8616714926535112;
1.2492338823900415;
1.6531905048145212;
2.053687628978718;
2.436975524974801;
2.7947286324956786;
3.122832483169791;
3.4201237079164994;
3.6873249764034033;
3.9262460799156753;
4.139233067906649;
4.328814216522496;
4.497488030629747;
4.64760688672252;
4.781321625255352;
4.900563167484808;
5.007045288785839;
5.102278389921226;
5.187588136488703;
5.264135663353436;
5.332937399366526;
5.394883212386535;
5.450752507082356;
5.501228605739283;
5.546911443151914;
5.588328470266171;
5.62594409638746;
5.660167786277773;
5.691360878978478;
5.719842640046476;
5.745895656257443;
5.769770420314513;
5.791689133544178;
5.8118490300917935;
5.830425358511371;
5.847574019363281;
5.863433887620699;
5.878128823857784;
5.891769430820502;
5.9044545751044;
5.916272613455912;
5.927302520158589;
5.9376149023442535;
5.947272889744003;
5.956333014671845;
5.964846096653268;
5.972857957085333;
5.980409869417634;
5.987539005883955;
5.994278869078769;
6.0006595023753455;
6.006707834067312;
6.012448322351807;
6.017903346721786;
6.023093251846537;
6.028036394867653;
6.032749429916768;
6.037247689602175;
6.041545331640823;
6.045655321292776;
6.049589415516894;
6.05335825971371;
6.0569716155998385;
6.06043864907292;
6.063767985391854;
6.066967470699219;
6.070044031291966;
6.073003962349794;
6.0758532545192265;
6.078597678912907;
6.081242670985793;
6.083793177408441;
6.08625363494708;
6.088628109436893;
6.090920554840633;
6.093134917396454;
6.095275020218622;
6.09734439371489;
6.099346130812275;
6.101282914808086;
6.103157341469525;
6.104972155417533;
6.1067300596258685;
6.108433398405583;
6.110084175975302;
6.1116843584732825;
6.113235996621803;
6.1147411345930385;
6.116201713632431;
6.117619566230465;
6.118996417402858;
6.120333858333792;
6.121633383770214;
6.122896370808634;
6.1241239527252676;
6.1253170436819495;
6.126476634965219;
6.127604028429173;
6.128700740810157;
6.129768121134499;
6.1308070580916345;
6.131818193391192;
6.132802265385932;
6.133760138266786;
6.1346927213606826;
6.135600851292437;
6.13648528391079;
6.137346873331785;
6.1381866104974865;
6.139005389109563;
6.139803775738991;
6.140582015380419;
6.141340300778517;
6.142079053927321;
6.1427990300814;
6.143501271823693;
6.144186946586656;
6.14485701158537;
6.145511876285588;
6.14615151385428;
6.146775948800565;
6.1473855943024445;
6.147981120807018;
6.14856314097319;
6.149131985225198;
6.149687715410548;
6.15023038893031;
6.150760291928197;
6.151277861154511;
6.151783506095591;
6.152277555183923;
6.152760292068659;
6.153232072599311;
6.153693445977171;
6.154145020539781;
6.154587152097399;
6.155019864296911;
6.155443043922621;
6.155856695826297;
6.156261005518682;
6.156656263395934;
6.1570428667149395;
6.157421313912778;
6.15779211310488;
6.158155617660295;
6.15851180135868;
6.158860387349959;
6.159201323951609;
6.15953495897599;
6.1598617764597305;
6.160182128577651;
6.160496192502811;
6.1608039973798014;
6.161105431086936;
6.161400395151623;
6.161689042359332;
6.161971733603269;
6.162248789971726;
6.162520405989452;
6.162786660578664;
6.1630475545683305;
6.1633031513563195;
6.163553704875983;
6.163799651253641;
6.164041395176631;
6.164279037087739;
6.164512357915075;
6.164741065530995;
6.164964972814353;
6.165184012027025;
6.165398242707478;
6.165607909783282;
6.165813470876461;
6.166015421344727;
6.166214012265974;
6.1664091300060955;
6.166600525718889;
6.16678811717088;
6.1669720316019445;
6.167152485800406;
6.167329612705371;
6.167503399726135;
6.167673841368767;
6.1678410937738954;
6.168005528871634;
6.1681675417709805;
6.1683271973195515;
6.168484176482412;
6.168638102059642;
6.168788747844314;
6.168936066554752;
6.169080151101447;
6.169221160865321;
6.169359270843558;
6.16949465207417;
6.169627447670506;
6.169757843126532;
6.169886088557853;
6.170012304856574;
6.170136342396987;
6.170257947950358;
6.17037703372478;
6.170493781014852;
6.170608468574781;
6.17072118294004;
6.170831857395127;
6.1709405592003685;
6.171047423731211;
6.171152443239843;
6.171256016075126;
6.17135905695581;
6.171460647341771;
6.171557081328673;
6.171647825768887;
6.171740143734892;
6.171838164180773;
6.1719300658426315;
6.172004695424008;
6.172080127807891;
6.1721847454630705;
6.172302111865409;
6.172376849363693;
6.172401234669479;
6.1724527157283955;
6.1725948375335395;
6.17276482782116;
6.172828370403725;
6.172763325718804;
6.172729030431397;
6.172891820883333;
6.1731956340013765;
6.173376722315889;
6.1732521097997;
6.172968723885882;
6.172901842346203;
6.17326446179627;
6.173830434743176;
6.174096933648024;
6.1737724809405155;
6.173120219570297;
6.172786832382902;
6.173226797030231;
6.17423456308958;
6.175036078282393;
6.174911099620548;
6.173841053055757;
6.1726210823436425;
Date and Time: 2025-03-31T03:17:34.878
Output: local boson: T = 0.0, alpha = 1.25, N_chain = 180, maxdim = 100, cutoff = -13, tau = 0.001, jump = 20, boson_dim = 9, omega = 5
[0.0, 0.06187612140273144, 0.24034321062367148, 0.5158971483158757, 0.8616714926535112, 1.2492338823900415, 1.6531905048145212, 2.053687628978718, 2.436975524974801, 2.7947286324956786, 3.122832483169791, 3.4201237079164994, 3.6873249764034033, 3.9262460799156753, 4.139233067906649, 4.328814216522496, 4.497488030629747, 4.64760688672252, 4.781321625255352, 4.900563167484808, 5.007045288785839, 5.102278389921226, 5.187588136488703, 5.264135663353436, 5.332937399366526, 5.394883212386535, 5.450752507082356, 5.501228605739283, 5.546911443151914, 5.588328470266171, 5.62594409638746, 5.660167786277773, 5.691360878978478, 5.719842640046476, 5.745895656257443, 5.769770420314513, 5.791689133544178, 5.8118490300917935, 5.830425358511371, 5.847574019363281, 5.863433887620699, 5.878128823857784, 5.891769430820502, 5.9044545751044, 5.916272613455912, 5.927302520158589, 5.9376149023442535, 5.947272889744003, 5.956333014671845, 5.964846096653268, 5.972857957085333, 5.980409869417634, 5.987539005883955, 5.994278869078769, 6.0006595023753455, 6.006707834067312, 6.012448322351807, 6.017903346721786, 6.023093251846537, 6.028036394867653, 6.032749429916768, 6.037247689602175, 6.041545331640823, 6.045655321292776, 6.049589415516894, 6.05335825971371, 6.0569716155998385, 6.06043864907292, 6.063767985391854, 6.066967470699219, 6.070044031291966, 6.073003962349794, 6.0758532545192265, 6.078597678912907, 6.081242670985793, 6.083793177408441, 6.08625363494708, 6.088628109436893, 6.090920554840633, 6.093134917396454, 6.095275020218622, 6.09734439371489, 6.099346130812275, 6.101282914808086, 6.103157341469525, 6.104972155417533, 6.1067300596258685, 6.108433398405583, 6.110084175975302, 6.1116843584732825, 6.113235996621803, 6.1147411345930385, 6.116201713632431, 6.117619566230465, 6.118996417402858, 6.120333858333792, 6.121633383770214, 6.122896370808634, 6.1241239527252676, 6.1253170436819495, 6.126476634965219, 6.127604028429173, 6.128700740810157, 6.129768121134499, 6.1308070580916345, 6.131818193391192, 6.132802265385932, 6.133760138266786, 6.1346927213606826, 6.135600851292437, 6.13648528391079, 6.137346873331785, 6.1381866104974865, 6.139005389109563, 6.139803775738991, 6.140582015380419, 6.141340300778517, 6.142079053927321, 6.1427990300814, 6.143501271823693, 6.144186946586656, 6.14485701158537, 6.145511876285588, 6.14615151385428, 6.146775948800565, 6.1473855943024445, 6.147981120807018, 6.14856314097319, 6.149131985225198, 6.149687715410548, 6.15023038893031, 6.150760291928197, 6.151277861154511, 6.151783506095591, 6.152277555183923, 6.152760292068659, 6.153232072599311, 6.153693445977171, 6.154145020539781, 6.154587152097399, 6.155019864296911, 6.155443043922621, 6.155856695826297, 6.156261005518682, 6.156656263395934, 6.1570428667149395, 6.157421313912778, 6.15779211310488, 6.158155617660295, 6.15851180135868, 6.158860387349959, 6.159201323951609, 6.15953495897599, 6.1598617764597305, 6.160182128577651, 6.160496192502811, 6.1608039973798014, 6.161105431086936, 6.161400395151623, 6.161689042359332, 6.161971733603269, 6.162248789971726, 6.162520405989452, 6.162786660578664, 6.1630475545683305, 6.1633031513563195, 6.163553704875983, 6.163799651253641, 6.164041395176631, 6.164279037087739, 6.164512357915075, 6.164741065530995, 6.164964972814353, 6.165184012027025, 6.165398242707478, 6.165607909783282, 6.165813470876461, 6.166015421344727, 6.166214012265974, 6.1664091300060955, 6.166600525718889, 6.16678811717088, 6.1669720316019445, 6.167152485800406, 6.167329612705371, 6.167503399726135, 6.167673841368767, 6.1678410937738954, 6.168005528871634, 6.1681675417709805, 6.1683271973195515, 6.168484176482412, 6.168638102059642, 6.168788747844314, 6.168936066554752, 6.169080151101447, 6.169221160865321, 6.169359270843558, 6.16949465207417, 6.169627447670506, 6.169757843126532, 6.169886088557853, 6.170012304856574, 6.170136342396987, 6.170257947950358, 6.17037703372478, 6.170493781014852, 6.170608468574781, 6.17072118294004, 6.170831857395127, 6.1709405592003685, 6.171047423731211, 6.171152443239843, 6.171256016075126, 6.17135905695581, 6.171460647341771, 6.171557081328673, 6.171647825768887, 6.171740143734892, 6.171838164180773, 6.1719300658426315, 6.172004695424008, 6.172080127807891, 6.1721847454630705, 6.172302111865409, 6.172376849363693, 6.172401234669479, 6.1724527157283955, 6.1725948375335395, 6.17276482782116, 6.172828370403725, 6.172763325718804, 6.172729030431397, 6.172891820883333, 6.1731956340013765, 6.173376722315889, 6.1732521097997, 6.172968723885882, 6.172901842346203, 6.17326446179627, 6.173830434743176, 6.174096933648024, 6.1737724809405155, 6.173120219570297, 6.172786832382902, 6.173226797030231, 6.17423456308958, 6.175036078282393, 6.174911099620548, 6.173841053055757, 6.1726210823436425]
----------------------
