----------------------
:::::::::::::::::::::::::::::::::::::::::::::::::::::::::::::::::::::::::::::::
                                     Date and Time: 2025-04-01T07:33:02.978
:::::::::::::::::::::::::::::::::::::::::::::::::::::::::::::::::::::::::::::::
local boson: T = 0.0, alpha = 0.25, N_chain = 180, maxdim = 100, cutoff = -13, tau = 0.001, jump = 20, boson_dim = 9, omega = 5;
0.0;
0.18464588416458344;
0.7061969633987116;
1.4792393052216088;
2.393535944619693;
3.343851878621296;
4.2495112255781695;
5.060542982938112;
5.754174160136696;
6.327115505367729;
6.787741376284692;
7.1500035646384426;
7.429459161238067;
7.64102842712316;
7.797937666429636;
7.911375846473511;
7.990539113897989;
8.042838852362877;
8.074189733942085;
8.08927202024268;
8.091761790140348;
8.084530111827767;
8.069842134698757;
8.049477888051896;
8.024838734775885;
7.9970172221611415;
7.966866737611454;
7.935052712846821;
7.9021009126263575;
7.8684263184882814;
7.834353172050992;
7.800129134372183;
7.765952296856431;
7.731975185882275;
7.698313991824462;
7.6650664586065815;
7.632306959628645;
7.600082095030074;
7.568416147473087;
7.537322543347525;
7.506825113694463;
7.4769377265231265;
7.447668347571144;
7.419019144757293;
7.390991509694311;
7.363576399516276;
7.336772590929099;
7.310556000342145;
7.2849011744397;
7.259786551723982;
7.235205134263648;
7.211142962435498;
7.187585896413996;
7.164515119276862;
7.1419324017512;
7.119829422629062;
7.09819866114867;
7.077024683180893;
7.056292083542182;
7.0359809676296265;
7.016067365932593;
6.996536284192401;
6.977382240327114;
6.958605926512226;
6.940204792630745;
6.922164489085818;
6.904448871184144;
6.887031648114937;
6.869925164867782;
6.853146905956201;
6.836702666874693;
6.820573500439462;
6.804730987302278;
6.789162276120253;
6.773851060062283;
6.758788579641054;
6.7439858239895365;
6.729443882064119;
6.715156561512819;
6.701093730688438;
6.6872338830440174;
6.673578674540045;
6.660136850140104;
6.6469329621111335;
6.633983802254097;
6.621288433989791;
6.608830028394108;
6.596573965680398;
6.584487812331708;
6.57255475506104;
6.56077381537076;
6.5491380860338;
6.537657022794706;
6.526346556356176;
6.515224911003208;
6.504303354560529;
6.493575078720291;
6.48302259917476;
6.472614024183358;
6.462319084977575;
6.452121937444213;
6.442034430824583;
6.432089627709919;
6.422331372003407;
6.412767159904796;
6.403360423651083;
6.394070402769021;
6.384895534387288;
6.375856914611223;
6.366959463949971;
6.358192329929639;
6.34953713790255;
6.340972762953416;
6.332504029678319;
6.324154245576839;
6.315936880876981;
6.307850127569553;
6.2998829409211545;
6.292005909566251;
6.284185430144287;
6.276426733076355;
6.268775302671003;
6.261268351381878;
6.253904567549357;
6.246659429318798;
6.239510026898136;
6.232439130654734;
6.2254214700662;
6.21845424187202;
6.211566921186753;
6.204791751541759;
6.198131730766094;
6.191572883560944;
6.185111905698159;
6.178749198348777;
6.1724779418250275;
6.166290690635151;
6.160174958402745;
6.154110344465977;
6.148081954514904;
6.142092992203951;
6.136162915188597;
6.130317009047076;
6.124580080052054;
6.118949684049529;
6.113406490863216;
6.107946217975261;
6.102572702875859;
6.097275998379537;
6.0920239497552515;
6.086798155800324;
6.081607932185433;
6.0764659956834794;
6.07138540966913;
6.066384904437005;
6.061472928168708;
6.056634679135886;
6.051848200939979;
6.047115525455807;
6.042442524786134;
6.037843431941289;
6.0333207521783505;
6.028855572323767;
6.0244238434229995;
6.020013681290553;
6.01562703594506;
6.011280687062141;
6.00700206259862;
6.002807668616139;
5.998697073208575;
5.994656800309086;
5.990661962723634;
5.986686277815199;
5.982738339226929;
5.978833902096415;
5.9749861264826585;
5.9712011997834225;
5.967468947883729;
5.963771826809249;
5.960105543284618;
5.956494769803177;
5.952970411237244;
5.9495193858345505;
5.946110701987113;
5.9427124381867875;
5.939325387781764;
5.935972656751426;
5.932666625186012;
5.929408336973838;
5.926190414307843;
5.922981053757011;
5.919774406854908;
5.916606283026127;
5.9135199603323345;
5.910519325266021;
5.9075752285884136;
5.904670908172256;
5.90179259706491;
5.898920426926324;
5.896042375942315;
5.893174756164443;
5.890344733929972;
5.887549431108475;
5.8847679941277455;
5.882004055049938;
5.879294622626491;
5.876683197221534;
5.874173486394861;
5.871734334383473;
5.869337108665486;
5.86695054288678;
5.864558371626245;
5.862145278132163;
5.859701193785475;
5.857230694390851;
5.854766429923567;
5.852351802633127;
5.850017888201023;
5.847754421985487;
5.845528850537536;
5.843315966366942;
5.84113125706075;
5.839006800859627;
5.836946801419425;
5.834931942023273;
5.8329243478260615;
5.830901607326466;
5.8288691836761775;
5.826849338652025;
5.824870437199596;
5.82293346715936;
5.82101656501794;
5.819146384867835;
5.81735863436745;
5.815596092848583;
5.813729963010539;
5.8118024418926355;
5.810051299256303;
5.8085036413737;
5.806823269579095;
5.804782568026155;
5.802696689385641;
5.8011523896561865;
5.800238296677397;
5.799256687357307;
5.79739198736142;
5.794699173771461;
5.792249899237991;
5.791109016077486;
5.791138777503534;
5.790939996340687;
Date and Time: 2025-04-01T08:17:59.629
Output: local boson: T = 0.0, alpha = 0.25, N_chain = 180, maxdim = 100, cutoff = -13, tau = 0.001, jump = 20, boson_dim = 9, omega = 5
[0.0, 0.18464588416458344, 0.7061969633987116, 1.4792393052216088, 2.393535944619693, 3.343851878621296, 4.2495112255781695, 5.060542982938112, 5.754174160136696, 6.327115505367729, 6.787741376284692, 7.1500035646384426, 7.429459161238067, 7.64102842712316, 7.797937666429636, 7.911375846473511, 7.990539113897989, 8.042838852362877, 8.074189733942085, 8.08927202024268, 8.091761790140348, 8.084530111827767, 8.069842134698757, 8.049477888051896, 8.024838734775885, 7.9970172221611415, 7.966866737611454, 7.935052712846821, 7.9021009126263575, 7.8684263184882814, 7.834353172050992, 7.800129134372183, 7.765952296856431, 7.731975185882275, 7.698313991824462, 7.6650664586065815, 7.632306959628645, 7.600082095030074, 7.568416147473087, 7.537322543347525, 7.506825113694463, 7.4769377265231265, 7.447668347571144, 7.419019144757293, 7.390991509694311, 7.363576399516276, 7.336772590929099, 7.310556000342145, 7.2849011744397, 7.259786551723982, 7.235205134263648, 7.211142962435498, 7.187585896413996, 7.164515119276862, 7.1419324017512, 7.119829422629062, 7.09819866114867, 7.077024683180893, 7.056292083542182, 7.0359809676296265, 7.016067365932593, 6.996536284192401, 6.977382240327114, 6.958605926512226, 6.940204792630745, 6.922164489085818, 6.904448871184144, 6.887031648114937, 6.869925164867782, 6.853146905956201, 6.836702666874693, 6.820573500439462, 6.804730987302278, 6.789162276120253, 6.773851060062283, 6.758788579641054, 6.7439858239895365, 6.729443882064119, 6.715156561512819, 6.701093730688438, 6.6872338830440174, 6.673578674540045, 6.660136850140104, 6.6469329621111335, 6.633983802254097, 6.621288433989791, 6.608830028394108, 6.596573965680398, 6.584487812331708, 6.57255475506104, 6.56077381537076, 6.5491380860338, 6.537657022794706, 6.526346556356176, 6.515224911003208, 6.504303354560529, 6.493575078720291, 6.48302259917476, 6.472614024183358, 6.462319084977575, 6.452121937444213, 6.442034430824583, 6.432089627709919, 6.422331372003407, 6.412767159904796, 6.403360423651083, 6.394070402769021, 6.384895534387288, 6.375856914611223, 6.366959463949971, 6.358192329929639, 6.34953713790255, 6.340972762953416, 6.332504029678319, 6.324154245576839, 6.315936880876981, 6.307850127569553, 6.2998829409211545, 6.292005909566251, 6.284185430144287, 6.276426733076355, 6.268775302671003, 6.261268351381878, 6.253904567549357, 6.246659429318798, 6.239510026898136, 6.232439130654734, 6.2254214700662, 6.21845424187202, 6.211566921186753, 6.204791751541759, 6.198131730766094, 6.191572883560944, 6.185111905698159, 6.178749198348777, 6.1724779418250275, 6.166290690635151, 6.160174958402745, 6.154110344465977, 6.148081954514904, 6.142092992203951, 6.136162915188597, 6.130317009047076, 6.124580080052054, 6.118949684049529, 6.113406490863216, 6.107946217975261, 6.102572702875859, 6.097275998379537, 6.0920239497552515, 6.086798155800324, 6.081607932185433, 6.0764659956834794, 6.07138540966913, 6.066384904437005, 6.061472928168708, 6.056634679135886, 6.051848200939979, 6.047115525455807, 6.042442524786134, 6.037843431941289, 6.0333207521783505, 6.028855572323767, 6.0244238434229995, 6.020013681290553, 6.01562703594506, 6.011280687062141, 6.00700206259862, 6.002807668616139, 5.998697073208575, 5.994656800309086, 5.990661962723634, 5.986686277815199, 5.982738339226929, 5.978833902096415, 5.9749861264826585, 5.9712011997834225, 5.967468947883729, 5.963771826809249, 5.960105543284618, 5.956494769803177, 5.952970411237244, 5.9495193858345505, 5.946110701987113, 5.9427124381867875, 5.939325387781764, 5.935972656751426, 5.932666625186012, 5.929408336973838, 5.926190414307843, 5.922981053757011, 5.919774406854908, 5.916606283026127, 5.9135199603323345, 5.910519325266021, 5.9075752285884136, 5.904670908172256, 5.90179259706491, 5.898920426926324, 5.896042375942315, 5.893174756164443, 5.890344733929972, 5.887549431108475, 5.8847679941277455, 5.882004055049938, 5.879294622626491, 5.876683197221534, 5.874173486394861, 5.871734334383473, 5.869337108665486, 5.86695054288678, 5.864558371626245, 5.862145278132163, 5.859701193785475, 5.857230694390851, 5.854766429923567, 5.852351802633127, 5.850017888201023, 5.847754421985487, 5.845528850537536, 5.843315966366942, 5.84113125706075, 5.839006800859627, 5.836946801419425, 5.834931942023273, 5.8329243478260615, 5.830901607326466, 5.8288691836761775, 5.826849338652025, 5.824870437199596, 5.82293346715936, 5.82101656501794, 5.819146384867835, 5.81735863436745, 5.815596092848583, 5.813729963010539, 5.8118024418926355, 5.810051299256303, 5.8085036413737, 5.806823269579095, 5.804782568026155, 5.802696689385641, 5.8011523896561865, 5.800238296677397, 5.799256687357307, 5.79739198736142, 5.794699173771461, 5.792249899237991, 5.791109016077486, 5.791138777503534, 5.790939996340687]
----------------------
