----------------------
:::::::::::::::::::::::::::::::::::::::::::::::::::::::::::::::::::::::::::::::
                                     Date and Time: 2025-03-23T23:06:42.379
:::::::::::::::::::::::::::::::::::::::::::::::::::::::::::::::::::::::::::::::
local boson: T = 0.0, alpha = 1.25, N_chain = 130, maxdim = 100, cutoff = -13, tau = 0.02, jump = 10, boson_dim = 9, omega = 5;
2.8894128382948843e-11;
0.06187912884709622;
0.24035421237283222;
0.515918956146334;
0.8617051839254265;
1.249279935318054;
1.6532501090543334;
2.0537636218267608;
2.43707246541452;
2.7948525750372224;
3.122990726774787;
3.4203244800425785;
3.6875769909157308;
3.9265580962424527;
4.139613665839143;
4.329271619877786;
4.498029929387864;
4.6482404147698935;
4.782053346091607;
4.901399230413898;
5.007991030149298;
5.103338210642029;
5.188765940141513;
5.2654344409442455;
5.334360010411248;
5.3964320315819805;
5.452429573825515;
5.503036071345296;
5.548851496480675;
5.59040305666133;
5.628155008322075;
5.662516724310599;
5.693849080042178;
5.722471837547141;
5.748667452582238;
5.772686124899712;
5.794749248781278;
5.815053377522572;
5.833772453695711;
5.85106178960729;
5.86706065993489;
5.881892793188629;
5.895667442880774;
5.908482506445515;
5.920424604562705;
5.931572677133416;
5.941997224400479;
5.951761462232937;
5.960921729560374;
5.969528636412311;
5.977628660832965;
5.985263420948199;
5.992469476592207;
5.9992814017429925;
6.005729297080392;
6.01184006755816;
6.017638051218058;
6.023145425350341;
6.028382479285916;
6.033368663026428;
6.0381213532468365;
6.042656048274448;
6.046986658789236;
6.051126520076065;
6.055087169971459;
6.058879785271123;
6.062514512492771;
6.066000972792535;
6.069347608441013;
6.072563050536685;
6.075654982538625;
6.078630478791396;
6.0814966546237095;
6.084259035718132;
6.0869233658506205;
6.0894945158678;
6.091976406000259;
6.094373004548739;
6.096688287651756;
6.0989252537411645;
6.101086908935746;
6.103176616727531;
6.105197777825383;
6.107153730576589;
6.1090479316798945;
6.110883788534851;
6.112664104097124;
6.114390632540374;
6.116066361496573;
6.117693575765265;
6.119273693537884;
6.120808863854412;
6.1223012656944125;
6.123752529972794;
6.125163481733405;
6.126535567981116;
6.127869878379971;
6.129167244447997;
6.130429497670059;
6.1316585418338;
6.1328560021391345;
6.134022793590728;
6.135159550564694;
6.13626739540127;
6.137347618256116;
6.1384018409991885;
6.139431591967128;
6.140437671170815;
6.141420134687098;
6.142378982531328;
6.143314030135853;
6.144226017088013;
6.1451156519609444;
6.145984342480989;
6.146833337270436;
6.147663364057331;
6.148474397606521;
6.149267157881545;
6.150042343038042;
6.150801643622089;
6.151546668066067;
6.152277694197412;
6.152994003734176;
6.153694900216496;
6.154379461668257;
6.155047767998378;
6.1557004083243045;
6.1563380071367355;
6.156961382913768;
6.157571031586237;
6.158167033063551;
6.158749854141539;
6.159320406898987;
6.1598795871917655;
6.160428449803054;
6.1609676472822015;
6.161497644382809;
6.16201862139264;
6.162530377854433;
6.163032902980524;
6.163526587110211;
6.164012552945652;
6.164492107598301;
6.164966049144555;
6.165434240748237;
6.165895477274182;
6.166347810148912;
6.166789934707361;
6.1672212228393875;
6.167641336195615;
6.168050591826122;
6.16845053497125;
6.1688438224807305;
6.169232567484457;
6.169615584931428;
6.169989746330732;
6.170357232578768;
6.170725296679078;
6.171091393297661;
6.171439412563755;
6.171768341010467;
6.17211133026988;
6.172488525568422;
6.1728505290610185;
6.173128283458991;
6.173353487490634;
6.173659803223999;
6.174107233499964;
6.174551144955997;
6.174776560196408;
6.174786629380522;
6.17488069135347;
6.175356057004563;
6.1761264170859205;
6.176711998009495;
6.176691617730472;
6.176189192184337;
6.175872925286525;
6.176388289889079;
6.177708752514074;
6.179023781379132;
6.179339539328615;
6.178336806693622;
6.176767364248733;
6.176008548662049;
6.177047614059921;
6.179644881927228;
6.182331865281451;
6.183319615984365;
6.1817320796235435;
6.178333167887245;
6.17521585049312;
6.174594694090427;
6.177418418779116;
6.182649956502779;
6.187682630798656;
6.18969861688245;
