----------------------
:::::::::::::::::::::::::::::::::::::::::::::::::::::::::::::::::::::::::::::::
                                     Date and Time: 2025-03-23T23:06:42.388
:::::::::::::::::::::::::::::::::::::::::::::::::::::::::::::::::::::::::::::::
local boson: T = 0.0, alpha = 1.25, N_chain = 130, maxdim = 100, cutoff = -13, tau = 0.02, jump = 10, boson_dim = 9, omega = 5;
4.018863001724452e-7;
0.9220743603166695;
3.512918586883069;
7.31307677903506;
11.738233530071344;
16.24426267722294;
20.43073306878706;
24.06781477929203;
27.070196485677734;
29.4507186251964;
31.27603172801369;
32.634183023107795;
33.61476377350288;
34.298725084625886;
34.754510558941455;
35.03763605208985;
35.19192359257863;
35.25139069121159;
35.242112939042556;
35.18390699210552;
35.09171063079096;
34.976744148845754;
34.84740271866782;
34.70986892963633;
34.56868843356919;
34.42719157389167;
34.287754079219525;
34.15202504403986;
34.021106518962;
33.895722161918904;
33.776279282519795;
33.66297628495991;
33.55582850993397;
33.45472870355278;
33.35952996895713;
33.27002216802054;
33.18593233753688;
33.10695981120514;
33.03281175127026;
32.96319942196113;
32.89783305413769;
32.836437084716074;
32.77873467561229;
32.724457502422744;
32.67335755524691;
32.62522559042699;
32.57985024451821;
32.537031792726864;
32.49657586320125;
32.45831489201446;
32.42210371942582;
32.38780805593247;
32.35529758895931;
32.32444754633199;
32.29514076503877;
32.26727544242282;
32.240743763082534;
32.215443589122444;
32.19129847059482;
32.16827018905855;
32.14627667027911;
32.12525643327301;
32.105142258679514;
32.08585911615434;
32.067354104152756;
32.049591628522734;
32.03253059248674;
32.016129098547765;
32.00035111618478;
31.98516687080157;
31.970504028207856;
31.956348655497656;
31.942714648052764;
31.92962601302424;
31.917034908481455;
31.90490848727898;
31.89322491849105;
31.881951624583692;
31.871053680980616;
31.86047098601273;
31.850198971315983;
31.840225911125337;
31.83052736550541;
31.821096009338028;
31.8119472997505;
31.803079136006353;
31.79447618513131;
31.786128161517787;
31.778035757980604;
31.77018859552154;
31.762544238109555;
31.75510234919959;
31.747892572218973;
31.740908350703364;
31.73412294802838;
31.72750596546617;
31.721051377459503;
31.71473324526962;
31.708550136859927;
31.702508743566334;
31.69662848008688;
31.69091544196766;
31.685345244169064;
31.67988463643008;
31.674530704162187;
31.669325248705775;
31.664285999384354;
31.659407306651445;
31.65466920654675;
31.650029889172224;
31.64549158359472;
31.641030571360425;
31.636653107535693;
31.63236384696763;
31.628161363008886;
31.624056995121116;
31.620043037351806;
31.616105874449282;
31.612230254714106;
31.608480691923965;
31.60490099303115;
31.601467223997233;
31.598142593402287;
31.594887147649956;
31.591653263246577;
31.588429157512245;
31.585220840236275;
31.58206737198058;
31.578980358039203;
31.575955713274205;
31.572974371646453;
31.570019911945025;
31.567092671813775;
31.564210965809863;
31.5614015607158;
31.558660701970155;
31.556000766052513;
31.55343319370271;
31.550930616790822;
31.548470361373845;
31.5460484208838;
31.543678762298967;
31.541403923646712;
31.53925858893637;
31.53721723696333;
31.535248557180736;
31.533309706062205;
31.5313534436036;
31.52935001123248;
31.527289217320764;
31.525158026401236;
31.522995446576402;
31.520903890417074;
31.518993700136086;
31.51718448039737;
31.515210319614198;
31.513141511816194;
31.511539781370793;
31.510427250423206;
31.50860050616769;
31.50554590348051;
31.503391136550356;
31.50416956632867;
31.505224988895755;
31.50150874180415;
31.493853363636298;
31.490489438871336;
31.496532396016512;
31.504577341206435;
31.50119853306802;
31.48426500663335;
31.46955883685652;
31.475223577924893;
31.499539767364183;
31.51804001679126;
31.506470060027986;
31.467585945779376;
31.433600032957806;
31.438813191145925;
31.48623618075475;
31.539613106054006;
31.550492660118394;
31.499202825926815;
31.415649782189575;
31.361303908834557;
31.38407545243107;
31.47949074107759;
31.588021586208406;
31.632505732974877;
31.570727645668356;
31.42764085313999;
31.28498466559101;
31.23357547000125;
31.317220742487187;
31.50244156737555;
31.692702364487864;
31.779552366384642;
