----------------------
:::::::::::::::::::::::::::::::::::::::::::::::::::::::::::::::::::::::::::::::
                                     Date and Time: 2025-03-31T02:13:54.974
:::::::::::::::::::::::::::::::::::::::::::::::::::::::::::::::::::::::::::::::
local boson: T = 0.0, alpha = 0.25, N_chain = 180, maxdim = 100, cutoff = -13, tau = 0.001, jump = 20, boson_dim = 8, omega = 5;
0.0;
0.18439723914913536;
----------------------
:::::::::::::::::::::::::::::::::::::::::::::::::::::::::::::::::::::::::::::::
                                     Date and Time: 2025-03-31T02:15:09.912
:::::::::::::::::::::::::::::::::::::::::::::::::::::::::::::::::::::::::::::::
local boson: T = 0.0, alpha = 0.25, N_chain = 180, maxdim = 100, cutoff = -13, tau = 0.001, jump = 20, boson_dim = 8, omega = 5;
0.0;
0.18439723914913536;
0.7025255182386162;
1.4624967907004292;
2.3474349623610236;
3.2485102099298193;
4.0856816218642384;
4.813111742978808;
5.413956509355543;
5.891035067703516;
6.257933598417902;
6.5324724011093265;
6.732696897763471;
6.87484024686344;
6.9725106239497805;
7.036721155331404;
7.076078695235681;
7.097184435429088;
7.105054819385255;
7.103446083483259;
7.095145669618382;
7.082215191789797;
7.066167285896416;
7.048107772941243;
7.028839788842946;
7.00894410370539;
6.988839708373328;
6.968817607989158;
6.949073077583028;
6.929732917497746;
6.910893826431099;
6.892609088933988;
6.874903655531038;
6.857788331259513;
6.841259069492175;
6.825308076093365;
6.809911789754079;
6.795062162065397;
6.780745603204549;
6.766939026789756;
6.753605203594569;
6.740714050733462;
6.728242742507343;
6.7161649266516905;
6.7044571866414815;
6.693106768110614;
6.682097036533482;
6.671419200337061;
6.661056761586618;
6.6509986733233495;
6.641217591017429;
6.631694146068061;
6.622409830167009;
6.613354589201025;
6.604520392337081;
6.595909264526581;
6.58750092953052;
6.579271937281389;
6.571208134797694;
6.563298169878581;
6.555547722139475;
6.547955776718813;
6.540517690778187;
6.533228189328851;
6.526081461249789;
6.519065879468059;
6.512164453321569;
6.505373387206632;
6.498694266860227;
6.492137974324869;
6.485714749301012;
6.479400520289678;
6.473178703774453;
6.467038776061562;
6.460987738339881;
6.455024308411877;
6.449148127737221;
6.443352888346305;
6.437630884619111;
6.431979478744166;
6.426399071699041;
6.420899457482095;
6.4154956582064475;
6.410181546752521;
6.404947434496869;
6.399778531247186;
6.39465527644858;
6.389566493822425;
6.384526255544637;
6.379554464804946;
6.374665568188213;
6.36985107654242;
6.365089751214066;
6.3603723407543225;
6.3556995797709925;
6.351087509395221;
6.3465521962284015;
6.342086211142346;
6.337670358173325;
6.3332911819539675;
6.328932382356714;
6.3246008998950245;
6.320315114028182;
6.316090302789206;
6.31193038655403;
6.307831888859782;
6.3037784751691;
6.299758417472047;
6.295780440268935;
6.291855150124458;
6.287977848894586;
6.2841493982593555;
6.280377054197883;
6.276651038171438;
6.272937399872557;
6.269216134844088;
6.265500880064545;
6.2618267201025;
6.258217565510768;
6.2546659202544825;
6.2511509079044405;
6.247655546625595;
6.24417979466303;
6.240726005155006;
6.237296591341213;
6.233910563945904;
6.230604255088819;
6.2274000320814995;
6.224284731979026;
6.221220535971992;
6.218159822151016;
6.215075127236203;
6.211974132461462;
6.208887082597558;
6.205838329458255;
6.202826483811016;
6.199826552420276;
6.196814566994788;
6.19379410671448;
6.190801512813924;
6.187867823137764;
6.1850020462197834;
6.1821965805715315;
6.179448860385881;
6.176752667240234;
6.1740784017332215;
6.171398744949599;
6.1687122673949055;
6.16603675257708;
6.163378619391192;
6.160737795536437;
6.1581089546378465;
6.15551610027317;
6.152995115888421;
6.150572629488104;
6.148211438719294;
6.145845554180803;
6.143442198963543;
6.141016292547997;
6.138599584538614;
6.1361972146362405;
6.1337980343503;
6.13141693456553;
6.129083282807456;
6.12680841921769;
6.124582364478384;
6.1223963553846765;
6.12025142089581;
6.118149964370638;
6.116082735217036;
6.1140283355495075;
6.111976281113404;
6.109907051919339;
6.107814505568589;
6.105718838510855;
6.103653462671892;
6.101632209724519;
6.099660516438227;
6.097724526853758;
6.095778641587908;
6.0937958131813135;
6.091799658200413;
6.089847930371183;
6.087978070932143;
6.086175662627071;
6.084399841514653;
6.08262486711361;
6.080854878216493;
6.07910714783986;
6.077391368214943;
6.075690250641256;
6.073972109117818;
6.072233232904961;
6.070507368648677;
6.068808927660861;
6.067131186326454;
6.065455239649834;
6.063786686965677;
6.062152068440836;
6.060566967208067;
6.059020431075767;
6.057494913437134;
6.05599358555397;
6.054515031420733;
6.053045191296665;
6.051553291576076;
6.050040012378164;
6.048541589881221;
6.047098113748364;
6.045710666252216;
6.044345956404026;
6.042979054436477;
6.041613489840494;
6.040261056764711;
6.038910010317312;
6.037542571206691;
6.036149233052206;
6.034729342315048;
6.033311435594467;
6.031945751107816;
6.030657257710438;
6.029437055378399;
6.028242714035703;
6.027048375873041;
6.025853037514062;
6.02466177432905;
6.023486244912712;
6.022343370245708;
6.021247177842165;
6.0201588059930575;
6.019003175787473;
6.017795130357013;
6.016643837488473;
6.015561706100431;
6.014385279485911;
6.013032876004337;
6.01175387527939;
6.010854709544836;
6.010211762638584;
6.009306932953368;
6.007894257848232;
6.006434569445251;
6.005617365230766;
6.00543243669447;
6.005000182000083;
6.00353376500379;
6.001356555002331;
5.99973512040463;
5.999575243723796;
6.000343950858534;
6.000436445489359;
Date and Time: 2025-03-31T02:38:27.235
Output: local boson: T = 0.0, alpha = 0.25, N_chain = 180, maxdim = 100, cutoff = -13, tau = 0.001, jump = 20, boson_dim = 8, omega = 5
[0.0, 0.18439723914913536, 0.7025255182386162, 1.4624967907004292, 2.3474349623610236, 3.2485102099298193, 4.0856816218642384, 4.813111742978808, 5.413956509355543, 5.891035067703516, 6.257933598417902, 6.5324724011093265, 6.732696897763471, 6.87484024686344, 6.9725106239497805, 7.036721155331404, 7.076078695235681, 7.097184435429088, 7.105054819385255, 7.103446083483259, 7.095145669618382, 7.082215191789797, 7.066167285896416, 7.048107772941243, 7.028839788842946, 7.00894410370539, 6.988839708373328, 6.968817607989158, 6.949073077583028, 6.929732917497746, 6.910893826431099, 6.892609088933988, 6.874903655531038, 6.857788331259513, 6.841259069492175, 6.825308076093365, 6.809911789754079, 6.795062162065397, 6.780745603204549, 6.766939026789756, 6.753605203594569, 6.740714050733462, 6.728242742507343, 6.7161649266516905, 6.7044571866414815, 6.693106768110614, 6.682097036533482, 6.671419200337061, 6.661056761586618, 6.6509986733233495, 6.641217591017429, 6.631694146068061, 6.622409830167009, 6.613354589201025, 6.604520392337081, 6.595909264526581, 6.58750092953052, 6.579271937281389, 6.571208134797694, 6.563298169878581, 6.555547722139475, 6.547955776718813, 6.540517690778187, 6.533228189328851, 6.526081461249789, 6.519065879468059, 6.512164453321569, 6.505373387206632, 6.498694266860227, 6.492137974324869, 6.485714749301012, 6.479400520289678, 6.473178703774453, 6.467038776061562, 6.460987738339881, 6.455024308411877, 6.449148127737221, 6.443352888346305, 6.437630884619111, 6.431979478744166, 6.426399071699041, 6.420899457482095, 6.4154956582064475, 6.410181546752521, 6.404947434496869, 6.399778531247186, 6.39465527644858, 6.389566493822425, 6.384526255544637, 6.379554464804946, 6.374665568188213, 6.36985107654242, 6.365089751214066, 6.3603723407543225, 6.3556995797709925, 6.351087509395221, 6.3465521962284015, 6.342086211142346, 6.337670358173325, 6.3332911819539675, 6.328932382356714, 6.3246008998950245, 6.320315114028182, 6.316090302789206, 6.31193038655403, 6.307831888859782, 6.3037784751691, 6.299758417472047, 6.295780440268935, 6.291855150124458, 6.287977848894586, 6.2841493982593555, 6.280377054197883, 6.276651038171438, 6.272937399872557, 6.269216134844088, 6.265500880064545, 6.2618267201025, 6.258217565510768, 6.2546659202544825, 6.2511509079044405, 6.247655546625595, 6.24417979466303, 6.240726005155006, 6.237296591341213, 6.233910563945904, 6.230604255088819, 6.2274000320814995, 6.224284731979026, 6.221220535971992, 6.218159822151016, 6.215075127236203, 6.211974132461462, 6.208887082597558, 6.205838329458255, 6.202826483811016, 6.199826552420276, 6.196814566994788, 6.19379410671448, 6.190801512813924, 6.187867823137764, 6.1850020462197834, 6.1821965805715315, 6.179448860385881, 6.176752667240234, 6.1740784017332215, 6.171398744949599, 6.1687122673949055, 6.16603675257708, 6.163378619391192, 6.160737795536437, 6.1581089546378465, 6.15551610027317, 6.152995115888421, 6.150572629488104, 6.148211438719294, 6.145845554180803, 6.143442198963543, 6.141016292547997, 6.138599584538614, 6.1361972146362405, 6.1337980343503, 6.13141693456553, 6.129083282807456, 6.12680841921769, 6.124582364478384, 6.1223963553846765, 6.12025142089581, 6.118149964370638, 6.116082735217036, 6.1140283355495075, 6.111976281113404, 6.109907051919339, 6.107814505568589, 6.105718838510855, 6.103653462671892, 6.101632209724519, 6.099660516438227, 6.097724526853758, 6.095778641587908, 6.0937958131813135, 6.091799658200413, 6.089847930371183, 6.087978070932143, 6.086175662627071, 6.084399841514653, 6.08262486711361, 6.080854878216493, 6.07910714783986, 6.077391368214943, 6.075690250641256, 6.073972109117818, 6.072233232904961, 6.070507368648677, 6.068808927660861, 6.067131186326454, 6.065455239649834, 6.063786686965677, 6.062152068440836, 6.060566967208067, 6.059020431075767, 6.057494913437134, 6.05599358555397, 6.054515031420733, 6.053045191296665, 6.051553291576076, 6.050040012378164, 6.048541589881221, 6.047098113748364, 6.045710666252216, 6.044345956404026, 6.042979054436477, 6.041613489840494, 6.040261056764711, 6.038910010317312, 6.037542571206691, 6.036149233052206, 6.034729342315048, 6.033311435594467, 6.031945751107816, 6.030657257710438, 6.029437055378399, 6.028242714035703, 6.027048375873041, 6.025853037514062, 6.02466177432905, 6.023486244912712, 6.022343370245708, 6.021247177842165, 6.0201588059930575, 6.019003175787473, 6.017795130357013, 6.016643837488473, 6.015561706100431, 6.014385279485911, 6.013032876004337, 6.01175387527939, 6.010854709544836, 6.010211762638584, 6.009306932953368, 6.007894257848232, 6.006434569445251, 6.005617365230766, 6.00543243669447, 6.005000182000083, 6.00353376500379, 6.001356555002331, 5.99973512040463, 5.999575243723796, 6.000343950858534, 6.000436445489359]
----------------------
