----------------------
:::::::::::::::::::::::::::::::::::::::::::::::::::::::::::::::::::::::::::::::
                                     Date and Time: 2025-03-28T21:05:58.371
:::::::::::::::::::::::::::::::::::::::::::::::::::::::::::::::::::::::::::::::
local boson: T = 0.0, alpha = 0.25, N_chain = 160, maxdim = 100, cutoff = -13, tau = 0.001, jump = 20, boson_dim = 8, omega = 5;
0.0;
0.012374925817189316;
0.048066310791869286;
0.10317184475157636;
0.1723172445488717;
0.24981599073328276;
0.33059097072886834;
0.4106755938218668;
0.48732714062033206;
0.5588909649707312;
0.624557577291487;
0.6841098860141082;
0.7377091394946456;
0.7857340279377123;
0.8286694823386993;
0.8670349942883749;
0.9013415208205607;
0.9320677634724447;
0.9596489054529109;
0.9844729487835506;
1.0068814368884187;
1.0271725335970487;
1.0456051846812475;
1.0624035862283583;
1.0777615518449282;
1.0918465789985456;
1.1048035084945411;
1.1167577452401594;
1.12781805351674;
1.1380789638718156;
1.1476228327178795;
1.1565215995151117;
1.1648382766561918;
1.172628221981114;
1.1799402043771876;
1.186817246415015;
1.19329737530877;
1.1994143735064364;
1.2051984058587133;
1.2106764557735996;
1.2158726551914827;
1.2208085780544884;
1.225503518389002;
1.2299747773547383;
1.234237939091591;
1.2383071246833548;
1.2421952180520202;
1.245914021722587;
1.24947435420853;
1.2528861260388107;
1.2561583647250147;
1.259299226294626;
1.2623161108273773;
1.2652158419335298;
1.2680048185622987;
1.2706890789131977;
1.2732742125653544;
1.2757652410237381;
1.2781666840582975;
1.2804827489806037;
1.2827174258918674;
1.2848744708062612;
1.2869573814812405;
1.2889694404500809;
1.2909137907081578;
1.2927934601751532;
1.2946112866206037;
1.2963698223382933;
1.298071331918213;
1.299717904255583;
1.3013115649913451;
1.3028542751891332;
1.3043479061625196;
1.3057943097418152;
1.3071953738924946;
1.3085529220379857;
1.3098686035688918;
1.311143889957601;
1.3123800796020144;
1.3135783124193292;
1.3147396691221362;
1.3158652745600588;
1.316956351248898;
1.318014222501382;
1.319040197513248;
1.32003541183661;
1.3210007701976108;
1.3219370079892414;
1.3228447857501744;
1.3237248175606562;
1.3245779728356963;
1.3254052343135545;
1.3262075401083697;
1.3269856780820024;
1.3277402905553861;
1.3284719262484335;
1.329181121801781;
1.3298684831430343;
1.330534714824765;
1.3311805729141029;
1.3318067742287878;
1.3324138535599779;
1.333002081268097;
1.333571562968602;
1.334122519891944;
1.3346554871185825;
1.3351712194311542;
1.3356705095630061;
1.3361540063233779;
1.3366220464225407;
1.3370747090364532;
1.3375120678829548;
1.3379343679085987;
1.338342136441777;
1.3387361902709563;
1.3391173943136743;
1.3394862817920723;
1.3398428699950475;
1.3401869249524307;
1.340518366321077;
1.3408374181106024;
1.3411445483607007;
1.3414403467848488;
1.3417252996055118;
1.3419995650270706;
1.3422630261960984;
1.3425155976326901;
1.3427574718755277;
1.3429891374246155;
1.3432112305472534;
1.3434242892788357;
1.3436285599223259;
1.3438240500027545;
1.3440107940345392;
1.3441890042913234;
1.3443590064274;
1.3445211911942232;
1.3446759081596693;
1.3448232337942592;
1.3449629449973781;
1.3450949027290138;
1.3452194240012354;
1.3453371548061481;
1.3454486219560624;
1.3455539858605519;
1.3456531625657981;
1.3457460330562059;
1.3458325941618905;
1.3459130472151024;
1.3459876816096472;
1.3460566125135145;
Date and Time: 2025-03-28T21:35:51.006
Output: local boson: T = 0.0, alpha = 0.25, N_chain = 160, maxdim = 100, cutoff = -13, tau = 0.001, jump = 20, boson_dim = 8, omega = 5
[0.0, 0.012374925817189316, 0.048066310791869286, 0.10317184475157636, 0.1723172445488717, 0.24981599073328276, 0.33059097072886834, 0.4106755938218668, 0.48732714062033206, 0.5588909649707312, 0.624557577291487, 0.6841098860141082, 0.7377091394946456, 0.7857340279377123, 0.8286694823386993, 0.8670349942883749, 0.9013415208205607, 0.9320677634724447, 0.9596489054529109, 0.9844729487835506, 1.0068814368884187, 1.0271725335970487, 1.0456051846812475, 1.0624035862283583, 1.0777615518449282, 1.0918465789985456, 1.1048035084945411, 1.1167577452401594, 1.12781805351674, 1.1380789638718156, 1.1476228327178795, 1.1565215995151117, 1.1648382766561918, 1.172628221981114, 1.1799402043771876, 1.186817246415015, 1.19329737530877, 1.1994143735064364, 1.2051984058587133, 1.2106764557735996, 1.2158726551914827, 1.2208085780544884, 1.225503518389002, 1.2299747773547383, 1.234237939091591, 1.2383071246833548, 1.2421952180520202, 1.245914021722587, 1.24947435420853, 1.2528861260388107, 1.2561583647250147, 1.259299226294626, 1.2623161108273773, 1.2652158419335298, 1.2680048185622987, 1.2706890789131977, 1.2732742125653544, 1.2757652410237381, 1.2781666840582975, 1.2804827489806037, 1.2827174258918674, 1.2848744708062612, 1.2869573814812405, 1.2889694404500809, 1.2909137907081578, 1.2927934601751532, 1.2946112866206037, 1.2963698223382933, 1.298071331918213, 1.299717904255583, 1.3013115649913451, 1.3028542751891332, 1.3043479061625196, 1.3057943097418152, 1.3071953738924946, 1.3085529220379857, 1.3098686035688918, 1.311143889957601, 1.3123800796020144, 1.3135783124193292, 1.3147396691221362, 1.3158652745600588, 1.316956351248898, 1.318014222501382, 1.319040197513248, 1.32003541183661, 1.3210007701976108, 1.3219370079892414, 1.3228447857501744, 1.3237248175606562, 1.3245779728356963, 1.3254052343135545, 1.3262075401083697, 1.3269856780820024, 1.3277402905553861, 1.3284719262484335, 1.329181121801781, 1.3298684831430343, 1.330534714824765, 1.3311805729141029, 1.3318067742287878, 1.3324138535599779, 1.333002081268097, 1.333571562968602, 1.334122519891944, 1.3346554871185825, 1.3351712194311542, 1.3356705095630061, 1.3361540063233779, 1.3366220464225407, 1.3370747090364532, 1.3375120678829548, 1.3379343679085987, 1.338342136441777, 1.3387361902709563, 1.3391173943136743, 1.3394862817920723, 1.3398428699950475, 1.3401869249524307, 1.340518366321077, 1.3408374181106024, 1.3411445483607007, 1.3414403467848488, 1.3417252996055118, 1.3419995650270706, 1.3422630261960984, 1.3425155976326901, 1.3427574718755277, 1.3429891374246155, 1.3432112305472534, 1.3434242892788357, 1.3436285599223259, 1.3438240500027545, 1.3440107940345392, 1.3441890042913234, 1.3443590064274, 1.3445211911942232, 1.3446759081596693, 1.3448232337942592, 1.3449629449973781, 1.3450949027290138, 1.3452194240012354, 1.3453371548061481, 1.3454486219560624, 1.3455539858605519, 1.3456531625657981, 1.3457460330562059, 1.3458325941618905, 1.3459130472151024, 1.3459876816096472, 1.3460566125135145]
----------------------
----------------------
:::::::::::::::::::::::::::::::::::::::::::::::::::::::::::::::::::::::::::::::
                                     Date and Time: 2025-03-28T21:43:10.319
:::::::::::::::::::::::::::::::::::::::::::::::::::::::::::::::::::::::::::::::
local boson: T = 0.0, alpha = 0.25, N_chain = 160, maxdim = 100, cutoff = -13, tau = 0.001, jump = 20, boson_dim = 8, omega = 5;
0.0;
0.012374925817189316;
0.048066310791869286;
0.10317184475157636;
0.1723172445488717;
0.24981599073328276;
0.33059097072886834;
0.4106755938218668;
0.48732714062033206;
0.5588909649707312;
0.624557577291487;
0.6841098860141082;
0.7377091394946456;
0.7857340279377123;
0.8286694823386993;
0.8670349942883749;
0.9013415208205607;
0.9320677634724447;
0.9596489054529109;
0.9844729487835506;
1.0068814368884187;
1.0271725335970487;
1.0456051846812475;
1.0624035862283583;
1.0777615518449282;
1.0918465789985456;
1.1048035084945411;
1.1167577452401594;
1.12781805351674;
1.1380789638718156;
1.1476228327178795;
1.1565215995151117;
1.1648382766561918;
1.172628221981114;
1.1799402043771876;
1.186817246415015;
1.19329737530877;
1.1994143735064364;
1.2051984058587133;
1.2106764557735996;
1.2158726551914827;
1.2208085780544884;
1.225503518389002;
1.2299747773547383;
1.234237939091591;
1.2383071246833548;
1.2421952180520202;
1.245914021722587;
1.24947435420853;
1.2528861260388107;
1.2561583647250147;
1.259299226294626;
1.2623161108273773;
1.2652158419335298;
1.2680048185622987;
1.2706890789131977;
1.2732742125653544;
1.2757652410237381;
1.2781666840582975;
1.2804827489806037;
1.2827174258918674;
1.2848744708062612;
1.2869573814812405;
1.2889694404500809;
1.2909137907081578;
1.2927934601751532;
1.2946112866206037;
1.2963698223382933;
1.298071331918213;
1.299717904255583;
1.3013115649913451;
1.3028542751891332;
1.3043479061625196;
1.3057943097418152;
1.3071953738924946;
1.3085529220379857;
1.3098686035688918;
1.311143889957601;
1.3123800796020144;
1.3135783124193292;
1.3147396691221362;
1.3158652745600588;
1.316956351248898;
1.318014222501382;
1.319040197513248;
1.32003541183661;
1.3210007701976108;
1.3219370079892414;
1.3228447857501744;
1.3237248175606562;
1.3245779728356963;
1.3254052343135545;
1.3262075401083697;
1.3269856780820024;
1.3277402905553861;
1.3284719262484335;
1.329181121801781;
1.3298684831430343;
1.330534714824765;
1.3311805729141029;
1.3318067742287878;
1.3324138535599779;
1.333002081268097;
1.333571562968602;
1.334122519891944;
1.3346554871185825;
1.3351712194311542;
1.3356705095630061;
1.3361540063233779;
1.3366220464225407;
1.3370747090364532;
1.3375120678829548;
1.3379343679085987;
1.338342136441777;
1.3387361902709563;
1.3391173943136743;
1.3394862817920723;
1.3398428699950475;
1.3401869249524307;
1.340518366321077;
1.3408374181106024;
1.3411445483607007;
1.3414403467848488;
1.3417252996055118;
1.3419995650270706;
1.3422630261960984;
1.3425155976326901;
1.3427574718755277;
1.3429891374246155;
1.3432112305472534;
1.3434242892788357;
1.3436285599223259;
1.3438240500027545;
1.3440107940345392;
1.3441890042913234;
1.3443590064274;
1.3445211911942232;
1.3446759081596693;
1.3448232337942592;
1.3449629449973781;
1.3450949027290138;
1.3452194240012354;
1.3453371548061481;
1.3454486219560624;
1.3455539858605519;
1.3456531625657981;
1.3457460330562059;
1.3458325941618905;
1.3459130472151024;
1.3459876816096472;
1.3460566125135145;
1.346119698331509;
1.3461767712439083;
1.3462278974736586;
1.3462733563263272;
1.34631344739911;
1.3463484107206944;
1.346378483132096;
1.3464039542727957;
1.346425089089711;
1.3464419751961252;
1.3464545188243198;
1.3464626674363773;
1.346466643377202;
1.3464668907283708;
1.3464637311783896;
1.3464570658715402;
1.3464464802277332;
1.3464316200041762;
1.3464124034560923;
1.3463889795220207;
1.346361671338613;
1.3463309389184017;
1.3462971667693109;
1.3462605248827126;
1.3462210715427132;
1.3461789076943798;
1.3461342467350967;
1.3460873562414217;
1.3460384229802291;
1.3459874042797084;
1.3459339360513416;
1.3458774408825112;
1.3458174966468388;
1.3457541255341354;
1.345687677199615;
1.3456185750116947;
1.3455471903583338;
1.3454737802655579;
1.345398501835917;
1.3453215309991258;
1.3452430662746555;
1.345163162069415;
1.3450817368477446;
1.3449987649416904;
1.344914319998182;
1.3448284410545917;
1.3447410540801792;
1.3446520340452834;
1.3445612584511977;
1.3444685882377325;
1.3443739890449122;
1.3442779101054363;
1.3441812084975768;
1.3440840015041258;
1.3439849187766792;
1.3438829455118588;
1.3437800583832369;
1.3436795092476337;
1.3435802729779462;
1.3434765078046755;
1.3433657066498732;
1.3432545349004017;
1.3431514096824035;
1.3430535236177537;
1.3429467597051046;
1.3428222911336398;
1.3426908515197673;
1.3425748019591044;
1.3424831648203057;
1.3423971849177017;
1.3422858042713095;
1.342138381084304;
1.3419808834848073;
1.3418555382023203;
1.3417801086718926;
1.341725483250934;
1.3416359159615465;
1.3414774203332167;
1.3412724551884725;
1.3410885196369409;
1.3409863917448814;
1.3409682365633506;
1.3409681269095697;
1.340895896025094;
1.3407041042917913;
1.3404286639770453;
1.3401713333284875;
1.34003355468298;
1.3400456449518758;
1.3401395082924457;
1.3401849951567635;
1.3400688442134818;
1.3397675440832693;
1.3393687564357653;
1.3390268100607137;
1.338876756545669;
1.3389556473778919;
1.3391755761832052;
1.3393642667694583;
1.3393525421809658;
Date and Time: 2025-03-28T23:35:38.053
Output: local boson: T = 0.0, alpha = 0.25, N_chain = 160, maxdim = 100, cutoff = -13, tau = 0.001, jump = 20, boson_dim = 8, omega = 5
[0.0, 0.012374925817189316, 0.048066310791869286, 0.10317184475157636, 0.1723172445488717, 0.24981599073328276, 0.33059097072886834, 0.4106755938218668, 0.48732714062033206, 0.5588909649707312, 0.624557577291487, 0.6841098860141082, 0.7377091394946456, 0.7857340279377123, 0.8286694823386993, 0.8670349942883749, 0.9013415208205607, 0.9320677634724447, 0.9596489054529109, 0.9844729487835506, 1.0068814368884187, 1.0271725335970487, 1.0456051846812475, 1.0624035862283583, 1.0777615518449282, 1.0918465789985456, 1.1048035084945411, 1.1167577452401594, 1.12781805351674, 1.1380789638718156, 1.1476228327178795, 1.1565215995151117, 1.1648382766561918, 1.172628221981114, 1.1799402043771876, 1.186817246415015, 1.19329737530877, 1.1994143735064364, 1.2051984058587133, 1.2106764557735996, 1.2158726551914827, 1.2208085780544884, 1.225503518389002, 1.2299747773547383, 1.234237939091591, 1.2383071246833548, 1.2421952180520202, 1.245914021722587, 1.24947435420853, 1.2528861260388107, 1.2561583647250147, 1.259299226294626, 1.2623161108273773, 1.2652158419335298, 1.2680048185622987, 1.2706890789131977, 1.2732742125653544, 1.2757652410237381, 1.2781666840582975, 1.2804827489806037, 1.2827174258918674, 1.2848744708062612, 1.2869573814812405, 1.2889694404500809, 1.2909137907081578, 1.2927934601751532, 1.2946112866206037, 1.2963698223382933, 1.298071331918213, 1.299717904255583, 1.3013115649913451, 1.3028542751891332, 1.3043479061625196, 1.3057943097418152, 1.3071953738924946, 1.3085529220379857, 1.3098686035688918, 1.311143889957601, 1.3123800796020144, 1.3135783124193292, 1.3147396691221362, 1.3158652745600588, 1.316956351248898, 1.318014222501382, 1.319040197513248, 1.32003541183661, 1.3210007701976108, 1.3219370079892414, 1.3228447857501744, 1.3237248175606562, 1.3245779728356963, 1.3254052343135545, 1.3262075401083697, 1.3269856780820024, 1.3277402905553861, 1.3284719262484335, 1.329181121801781, 1.3298684831430343, 1.330534714824765, 1.3311805729141029, 1.3318067742287878, 1.3324138535599779, 1.333002081268097, 1.333571562968602, 1.334122519891944, 1.3346554871185825, 1.3351712194311542, 1.3356705095630061, 1.3361540063233779, 1.3366220464225407, 1.3370747090364532, 1.3375120678829548, 1.3379343679085987, 1.338342136441777, 1.3387361902709563, 1.3391173943136743, 1.3394862817920723, 1.3398428699950475, 1.3401869249524307, 1.340518366321077, 1.3408374181106024, 1.3411445483607007, 1.3414403467848488, 1.3417252996055118, 1.3419995650270706, 1.3422630261960984, 1.3425155976326901, 1.3427574718755277, 1.3429891374246155, 1.3432112305472534, 1.3434242892788357, 1.3436285599223259, 1.3438240500027545, 1.3440107940345392, 1.3441890042913234, 1.3443590064274, 1.3445211911942232, 1.3446759081596693, 1.3448232337942592, 1.3449629449973781, 1.3450949027290138, 1.3452194240012354, 1.3453371548061481, 1.3454486219560624, 1.3455539858605519, 1.3456531625657981, 1.3457460330562059, 1.3458325941618905, 1.3459130472151024, 1.3459876816096472, 1.3460566125135145, 1.346119698331509, 1.3461767712439083, 1.3462278974736586, 1.3462733563263272, 1.34631344739911, 1.3463484107206944, 1.346378483132096, 1.3464039542727957, 1.346425089089711, 1.3464419751961252, 1.3464545188243198, 1.3464626674363773, 1.346466643377202, 1.3464668907283708, 1.3464637311783896, 1.3464570658715402, 1.3464464802277332, 1.3464316200041762, 1.3464124034560923, 1.3463889795220207, 1.346361671338613, 1.3463309389184017, 1.3462971667693109, 1.3462605248827126, 1.3462210715427132, 1.3461789076943798, 1.3461342467350967, 1.3460873562414217, 1.3460384229802291, 1.3459874042797084, 1.3459339360513416, 1.3458774408825112, 1.3458174966468388, 1.3457541255341354, 1.345687677199615, 1.3456185750116947, 1.3455471903583338, 1.3454737802655579, 1.345398501835917, 1.3453215309991258, 1.3452430662746555, 1.345163162069415, 1.3450817368477446, 1.3449987649416904, 1.344914319998182, 1.3448284410545917, 1.3447410540801792, 1.3446520340452834, 1.3445612584511977, 1.3444685882377325, 1.3443739890449122, 1.3442779101054363, 1.3441812084975768, 1.3440840015041258, 1.3439849187766792, 1.3438829455118588, 1.3437800583832369, 1.3436795092476337, 1.3435802729779462, 1.3434765078046755, 1.3433657066498732, 1.3432545349004017, 1.3431514096824035, 1.3430535236177537, 1.3429467597051046, 1.3428222911336398, 1.3426908515197673, 1.3425748019591044, 1.3424831648203057, 1.3423971849177017, 1.3422858042713095, 1.342138381084304, 1.3419808834848073, 1.3418555382023203, 1.3417801086718926, 1.341725483250934, 1.3416359159615465, 1.3414774203332167, 1.3412724551884725, 1.3410885196369409, 1.3409863917448814, 1.3409682365633506, 1.3409681269095697, 1.340895896025094, 1.3407041042917913, 1.3404286639770453, 1.3401713333284875, 1.34003355468298, 1.3400456449518758, 1.3401395082924457, 1.3401849951567635, 1.3400688442134818, 1.3397675440832693, 1.3393687564357653, 1.3390268100607137, 1.338876756545669, 1.3389556473778919, 1.3391755761832052, 1.3393642667694583, 1.3393525421809658]
----------------------
