----------------------
:::::::::::::::::::::::::::::::::::::::::::::::::::::::::::::::::::::::::::::::
                                     Date and Time: 2025-03-31T02:13:54.965
:::::::::::::::::::::::::::::::::::::::::::::::::::::::::::::::::::::::::::::::
local boson: T = 0.0, alpha = 0.25, N_chain = 180, maxdim = 100, cutoff = -13, tau = 0.001, jump = 20, boson_dim = 8, omega = 5;
0.0;
0.012375223685610925;
----------------------
:::::::::::::::::::::::::::::::::::::::::::::::::::::::::::::::::::::::::::::::
                                     Date and Time: 2025-03-31T02:15:09.910
:::::::::::::::::::::::::::::::::::::::::::::::::::::::::::::::::::::::::::::::
local boson: T = 0.0, alpha = 0.25, N_chain = 180, maxdim = 100, cutoff = -13, tau = 0.001, jump = 20, boson_dim = 8, omega = 5;
0.0;
0.012375223685610925;
0.048068635170946346;
0.10317932320890462;
0.1723338720063597;
0.24984609153550583;
0.33063875213091404;
0.41074483699431946;
0.4874210168721017;
0.5590119669007166;
0.6247075862348143;
0.6842903123832982;
0.7379210302691748;
0.7859781429916004;
0.8289463661777903;
0.867345021913076;
0.9016849326916451;
0.932444696400465;
0.9600594136062099;
0.9849170182179238;
1.0073590012215792;
1.0276835143136154;
1.04614952528716;
1.062981250172937;
1.0783725049949031;
1.092490801750197;
1.1054810220941318;
1.117468604367675;
1.1285623214915728;
1.1388566934635507;
1.1484340565566673;
1.1573663289685705;
1.165716509309116;
1.1735399411312106;
1.1808853340969134;
1.1877956475474627;
1.194308986806221;
1.2004593432218018;
1.2062770074156661;
1.2117888352181954;
1.217018648686408;
1.2219877646650121;
1.226715356645001;
1.2312187060530877;
1.2355135471723415;
1.2396143506165769;
1.2435343607167768;
1.2472855514386925;
1.2508787498829683;
1.2543237864624053;
1.2576295236612205;
1.2608039383562353;
1.263854355930901;
1.2667876683565624;
1.2696103514822357;
1.2723283624449675;
1.274947028950224;
1.2774710876487427;
1.2799049533206401;
1.2822529810706924;
1.2845194482583047;
1.2867083777770012;
1.2888235004636948;
1.2908682366745814;
1.2928456088525284;
1.2947582838510308;
1.2966087855390585;
1.2983996312146424;
1.300133372852176;
1.3018125671071337;
1.3034394990439782;
1.3050159804440626;
1.3065435682481978;
1.3080238847327106;
1.3094586322018744;
1.3108494462571125;
1.3121978554909042;
1.3135052609682643;
1.3147729926777763;
1.3160024451609391;
1.3171951605012988;
1.318352750195799;
1.3194766615912081;
1.3205680397116066;
1.3216277153887463;
1.3226562392661176;
1.3236540336982154;
1.3246217428296438;
1.3255604809599335;
1.3264716579328029;
1.3273565280428288;
1.3282158979140861;
1.3290502927806682;
1.3298602747990635;
1.3306466032096165;
1.3314102084202581;
1.332151920772191;
1.3328721857687638;
1.3335711468558826;
1.3342489559133992;
1.3349059774922363;
1.3355429234203033;
1.3361607719478414;
1.3367604568704126;
1.3373426749108237;
1.3379078344980622;
1.3384561512775799;
1.338987941687552;
1.3395037696512921;
1.340004204317717;
1.3404896243610278;
1.3409603238966552;
1.3414165305386856;
1.3418582084689403;
1.342285082425371;
1.3426971393374239;
1.3430950208342523;
1.3434797837450796;
1.3438523072759327;
1.3442128910841855;
1.3445614458552955;
1.344898018437698;
1.3452229858317242;
1.3455368834475905;
1.3458403732294901;
1.3461344113753453;
1.3464200551248682;
1.3466979579685907;
1.3469680254118175;
1.3472294252994308;
1.3474810421396435;
1.3477221167003575;
1.3479525950614442;
1.3481729600797228;
1.3483837509227428;
1.3485852241763516;
1.3487773284870153;
1.3489600849834955;
1.3491340992929628;
1.3493004719850792;
1.349460239713655;
1.3496139893455896;
1.3497619397561091;
1.349904155893971;
1.350040456170482;
1.350170294005883;
1.3502931157821607;
1.350408862880868;
1.3505179093464592;
1.3506206862449173;
1.350717543870465;
1.3508089173110047;
1.3508955668901148;
1.3509784089799894;
1.3510578060201937;
1.351132999354332;
1.3512025776010808;
1.351265665751295;
1.351322409232017;
1.3513734078395783;
1.3514191008870826;
1.351459896782691;
1.351496550810607;
1.3515299391038529;
1.3515605720493133;
1.351588553518728;
1.3516138534303908;
1.3516364676376047;
1.3516562446297933;
1.3516727235027075;
1.351685287444084;
1.3516934003145713;
1.3516967210150335;
1.3516952726045017;
1.3516896610188514;
1.3516808134901017;
1.351669392412839;
1.3516555673126633;
1.3516389808230584;
1.351618939163421;
1.3515951487249607;
1.351568256786436;
1.351539473198841;
1.3515096209757893;
1.3514785977443144;
1.3514457693621977;
1.3514106978238882;
1.351373414644379;
1.3513341462671233;
1.3512928579259613;
1.351249047302784;
1.3512021295621934;
1.3511521333004592;
1.3510997123827562;
1.3510454056728514;
1.3509892890349113;
1.350931308668821;
1.35087175092779;
1.3508112418831677;
1.3507502442082684;
1.3506887653241086;
1.3506266023463582;
1.3505636289958383;
1.350499638512385;
1.3504340449437542;
1.3503661907407511;
1.350296087135019;
1.3502245323635462;
1.3501524091347379;
1.3500799767744915;
1.3500068545329558;
1.3499325685510946;
1.3498569284278716;
1.3497798347303518;
1.3497009771323116;
1.34961994113767;
1.3495365695988124;
1.3494512295725403;
1.3493649314150582;
1.34927901394307;
1.3491943836189548;
1.349110979473069;
1.3490280595983226;
1.3489449367226225;
1.3488613511378376;
1.348777323214522;
1.3486929575153233;
1.3486084212340854;
1.348523618772206;
1.3484376337892487;
1.3483493532625568;
1.3482591351435258;
1.348168549409755;
1.3480776064637359;
1.3479841936031438;
1.347888270182054;
1.3477946269847565;
1.3477078499358082;
1.3476250153129248;
1.3475375340313533;
1.347442205444634;
1.3473473543109935;
1.3472636429643103;
1.347188916111526;
1.3471070444953388;
1.3470055397894618;
1.3468927106645279;
1.3467926854637788;
1.3467206396612932;
1.3466638816394882;
1.3465904317080157;
Date and Time: 2025-03-31T02:38:27.235
Output: local boson: T = 0.0, alpha = 0.25, N_chain = 180, maxdim = 100, cutoff = -13, tau = 0.001, jump = 20, boson_dim = 8, omega = 5
[0.0, 0.012375223685610925, 0.048068635170946346, 0.10317932320890462, 0.1723338720063597, 0.24984609153550583, 0.33063875213091404, 0.41074483699431946, 0.4874210168721017, 0.5590119669007166, 0.6247075862348143, 0.6842903123832982, 0.7379210302691748, 0.7859781429916004, 0.8289463661777903, 0.867345021913076, 0.9016849326916451, 0.932444696400465, 0.9600594136062099, 0.9849170182179238, 1.0073590012215792, 1.0276835143136154, 1.04614952528716, 1.062981250172937, 1.0783725049949031, 1.092490801750197, 1.1054810220941318, 1.117468604367675, 1.1285623214915728, 1.1388566934635507, 1.1484340565566673, 1.1573663289685705, 1.165716509309116, 1.1735399411312106, 1.1808853340969134, 1.1877956475474627, 1.194308986806221, 1.2004593432218018, 1.2062770074156661, 1.2117888352181954, 1.217018648686408, 1.2219877646650121, 1.226715356645001, 1.2312187060530877, 1.2355135471723415, 1.2396143506165769, 1.2435343607167768, 1.2472855514386925, 1.2508787498829683, 1.2543237864624053, 1.2576295236612205, 1.2608039383562353, 1.263854355930901, 1.2667876683565624, 1.2696103514822357, 1.2723283624449675, 1.274947028950224, 1.2774710876487427, 1.2799049533206401, 1.2822529810706924, 1.2845194482583047, 1.2867083777770012, 1.2888235004636948, 1.2908682366745814, 1.2928456088525284, 1.2947582838510308, 1.2966087855390585, 1.2983996312146424, 1.300133372852176, 1.3018125671071337, 1.3034394990439782, 1.3050159804440626, 1.3065435682481978, 1.3080238847327106, 1.3094586322018744, 1.3108494462571125, 1.3121978554909042, 1.3135052609682643, 1.3147729926777763, 1.3160024451609391, 1.3171951605012988, 1.318352750195799, 1.3194766615912081, 1.3205680397116066, 1.3216277153887463, 1.3226562392661176, 1.3236540336982154, 1.3246217428296438, 1.3255604809599335, 1.3264716579328029, 1.3273565280428288, 1.3282158979140861, 1.3290502927806682, 1.3298602747990635, 1.3306466032096165, 1.3314102084202581, 1.332151920772191, 1.3328721857687638, 1.3335711468558826, 1.3342489559133992, 1.3349059774922363, 1.3355429234203033, 1.3361607719478414, 1.3367604568704126, 1.3373426749108237, 1.3379078344980622, 1.3384561512775799, 1.338987941687552, 1.3395037696512921, 1.340004204317717, 1.3404896243610278, 1.3409603238966552, 1.3414165305386856, 1.3418582084689403, 1.342285082425371, 1.3426971393374239, 1.3430950208342523, 1.3434797837450796, 1.3438523072759327, 1.3442128910841855, 1.3445614458552955, 1.344898018437698, 1.3452229858317242, 1.3455368834475905, 1.3458403732294901, 1.3461344113753453, 1.3464200551248682, 1.3466979579685907, 1.3469680254118175, 1.3472294252994308, 1.3474810421396435, 1.3477221167003575, 1.3479525950614442, 1.3481729600797228, 1.3483837509227428, 1.3485852241763516, 1.3487773284870153, 1.3489600849834955, 1.3491340992929628, 1.3493004719850792, 1.349460239713655, 1.3496139893455896, 1.3497619397561091, 1.349904155893971, 1.350040456170482, 1.350170294005883, 1.3502931157821607, 1.350408862880868, 1.3505179093464592, 1.3506206862449173, 1.350717543870465, 1.3508089173110047, 1.3508955668901148, 1.3509784089799894, 1.3510578060201937, 1.351132999354332, 1.3512025776010808, 1.351265665751295, 1.351322409232017, 1.3513734078395783, 1.3514191008870826, 1.351459896782691, 1.351496550810607, 1.3515299391038529, 1.3515605720493133, 1.351588553518728, 1.3516138534303908, 1.3516364676376047, 1.3516562446297933, 1.3516727235027075, 1.351685287444084, 1.3516934003145713, 1.3516967210150335, 1.3516952726045017, 1.3516896610188514, 1.3516808134901017, 1.351669392412839, 1.3516555673126633, 1.3516389808230584, 1.351618939163421, 1.3515951487249607, 1.351568256786436, 1.351539473198841, 1.3515096209757893, 1.3514785977443144, 1.3514457693621977, 1.3514106978238882, 1.351373414644379, 1.3513341462671233, 1.3512928579259613, 1.351249047302784, 1.3512021295621934, 1.3511521333004592, 1.3510997123827562, 1.3510454056728514, 1.3509892890349113, 1.350931308668821, 1.35087175092779, 1.3508112418831677, 1.3507502442082684, 1.3506887653241086, 1.3506266023463582, 1.3505636289958383, 1.350499638512385, 1.3504340449437542, 1.3503661907407511, 1.350296087135019, 1.3502245323635462, 1.3501524091347379, 1.3500799767744915, 1.3500068545329558, 1.3499325685510946, 1.3498569284278716, 1.3497798347303518, 1.3497009771323116, 1.34961994113767, 1.3495365695988124, 1.3494512295725403, 1.3493649314150582, 1.34927901394307, 1.3491943836189548, 1.349110979473069, 1.3490280595983226, 1.3489449367226225, 1.3488613511378376, 1.348777323214522, 1.3486929575153233, 1.3486084212340854, 1.348523618772206, 1.3484376337892487, 1.3483493532625568, 1.3482591351435258, 1.348168549409755, 1.3480776064637359, 1.3479841936031438, 1.347888270182054, 1.3477946269847565, 1.3477078499358082, 1.3476250153129248, 1.3475375340313533, 1.347442205444634, 1.3473473543109935, 1.3472636429643103, 1.347188916111526, 1.3471070444953388, 1.3470055397894618, 1.3468927106645279, 1.3467926854637788, 1.3467206396612932, 1.3466638816394882, 1.3465904317080157]
----------------------
