----------------------
:::::::::::::::::::::::::::::::::::::::::::::::::::::::::::::::::::::::::::::::
                                     Date and Time: 2025-03-02T17:13:53.002
:::::::::::::::::::::::::::::::::::::::::::::::::::::::::::::::::::::::::::::::
local boson: T = 0.1, alpha = 1.25, N_chain = 160, maxdim = 100, cutoff = -12, tau = 0.001, jump = 20, boson_dim = 14, omega = 5;
5.989396505547515e-11;
0.0001562932177014501;
0.06814900695611678;
0.2519145963617368;
0.5314479774588313;
0.879885246004804;
1.2690515831796527;
1.6723851931877587;
2.072408431301839;
2.454840747506371;
2.810988898774524;
3.1357953099599314;
3.429831082760596;
3.6937007751957704;
3.9291997118677253;
4.1478261586873355;
4.336982179899092;
4.505242141471867;
4.652125906799918;
4.784914318119998;
4.903065274763841;
5.008290461840825;
5.1029576914217865;
5.1872874689447395;
5.2629781524894765;
5.330188432450602;
5.390617804844508;
5.44538598822404;
5.494773553365357;
5.539485437967166;
5.5811405696078;
5.618450260191613;
5.651271806693405;
5.682648720220385;
5.710662443128628;
5.736064689811054;
5.759149586615316;
5.780879507652541;
5.799522401933674;
5.8179209428077625;
5.83504385918023;
5.851004682636041;
5.864371683937175;
5.8766343827589935;
5.890499924657706;
5.900242594393487;
5.91108723182422;
5.921145523437197;
5.931496702847394;
5.9403332341845365;
5.948018187202674;
5.954892045302089;
5.961970420787203;
5.968528948613331;
5.974471106531391;
