----------------------
:::::::::::::::::::::::::::::::::::::::::::::::::::::::::::::::::::::::::::::::
                                     Date and Time: 2025-03-02T17:13:53.007
:::::::::::::::::::::::::::::::::::::::::::::::::::::::::::::::::::::::::::::::
local boson: T = 0.1, alpha = 1.25, N_chain = 160, maxdim = 100, cutoff = -12, tau = 0.001, jump = 20, boson_dim = 14, omega = 5;
-1.2140048038597416e-20;
1.7160845334233402e-11;
1.0146601106111548;
3.6770484025840156;
7.519766346650278;
11.959521887941223;
16.475780924097556;
20.628987671412222;
24.238468735365146;
27.207286403913592;
29.52236691920304;
31.30043030564299;
32.64890796372694;
33.596432545991874;
34.16977639625016;
34.693686514081236;
34.90723796161731;
35.05120650856262;
35.10248706007463;
35.12619163830346;
35.102619146651975;
35.03125608460434;
34.923143969883824;
34.70974341618456;
34.5144108227701;
34.259002358637176;
34.06116467003746;
33.77190371189812;
33.57615265099757;
33.48592577124601;
33.38146143094103;
33.18836117643744;
32.969472819282075;
32.9358913093489;
32.85210645973264;
32.62063722959215;
32.47224568681617;
32.442628416339694;
32.10292348763794;
32.084166942769244;
32.04051070935656;
31.926753987359582;
31.883363549166297;
31.875757283390485;
31.876869341375702;
31.54966128986309;
31.579819980495515;
31.495465379505106;
31.52145140472539;
31.42838571483395;
31.34596123550294;
31.23625374508555;
31.13436825792423;
31.048543624335743;
30.940676986441666;
