
:::::::::::::::::::::::::::::::::::::::::::::::::::::::::::::::::::::::::::::::
                                     Date and Time: 2025-01-21T13:07:02.223
:::::::::::::::::::::::::::::::::::::::::::::::::::::::::::::::::::::::::::::::
local boson: T = 0.01, alpha = 0.1, N_chain = 160, maxdim = 80, cutoff = -12, tau = 0.01, boson_dim = 12;
0.499999980566324;
0.499999929806491;
0.49999985691953075;
0.4999997652677428;
0.49999965564391563;
0.4999995270070167;
0.4999993794014655;
0.4999992143086795;
0.49999903145622643;
0.4999988298536848;
0.49999860904288895;
0.49999836956726357;
0.499998112782909;
0.49999784009337145;
0.499997552561806;
0.4999972511214861;
0.49999693676102624;
0.4999966106331413;
0.49999627428925136;
0.49999592953184036;
0.4999955778307453;
0.49999521984451134;
0.49999485515776587;
0.4999944842103582;
0.4999941057072601;
0.49999372314612195;
0.4999933308018966;
0.49999294693639185;
0.499992551929962;
0.4999921496068649;
0.49999175525419154;
0.49999137071571487;
0.4999909783609306;
0.49999056994543517;
0.49999017308589083;
0.49998982243379025;
0.4999894294848996;
0.49998906818373656;
0.4999887201272585;
0.4999883874281289;
0.4999880158002338;
0.4999876031056659;
0.4999872554108752;
0.49998701265133516;
0.49998676809905207;
0.49998650871606076;
0.49998622513032226;
0.4999859341271158;
0.49998561768601957;
0.49998533243099613;
0.4999851303734018;
0.4999849963941922;
0.49998487064741753;
0.4999847053273134;
0.4999844861187033;
0.49998424401967734;
0.4999840399340556;
0.49998391547399657;
0.49998386116229954;
0.49998385335264806;
0.49998386459087824;
0.4999838852629787;
0.4999839175938641;
0.4999839614173077;
0.49998400115648495;
0.4999840157933466;
0.49998399833588336;
0.4999839682670305;
0.49998397154537816;
0.499984060728998;
0.4999842764302148;
0.49998461477198747;
0.49998502107839343;
0.4999854175448596;
0.4999857443565307;
0.4999859790381105;
0.49998615543028546;
0.4999863192446782;
0.4999865246569961;
0.4999867985622456;
0.4999871450373951;
0.49998753716294897;
0.4999879422643705;
0.4999883513729327;
0.4999887418740526;
0.49998912937548334;
0.49998952673300456;
0.4999899080978266;
0.49999032060336346;
0.499990702941547;
0.4999911062523905;
0.4999914895821241;
0.4999918827607229;
0.4999922902650576;
0.49999269358532505;
0.49999311890198606;
0.4999935671576083;
0.49999399228400676;
0.4999944360055729;
0.49999487212901483;
0.49999528624647005;
0.49999567012238516;
0.49999601692903606;
0.499996345973555;
0.49999663495072416;
0.4999968711726674;
0.4999970928788466;
0.4999973285944608;
0.4999975422855667;
0.4999977202768299;
0.4999979218845442;
0.49999815867510305;
0.4999983750866772;
0.49999855995107334;
0.49999876810558075;
0.4999990018994789;
0.4999991990654335;
0.49999935008135715;
0.49999950079438193;
0.49999965606221947;
0.49999977190049605;
0.49999983316837765;
0.4999998573905869;
0.4999998649435159;
0.4999998568987192;
0.49999980998119775;
0.4999997187955777;
0.49999959364562835;
0.4999994639902629;
0.49999932575707495;
0.49999918169830454;
0.4999990179767994;
0.49999883967914494;
0.49999864573988834;
0.4999984512709808;
0.4999982602550603;
0.49999808004728064;
0.49999789642389836;
0.4999976816107821;
0.49999744314835937;
0.4999971521504268;
0.49999687559044304;
0.49999658492300725;
0.4999963080628833;
0.4999959964476638;
0.4999956065179065;
0.4999951732660366;
0.499994698455715;
0.49999425990872876;
0.4999938562287279;
0.499993455930339;
0.4999930497303421;
0.4999925778738081;
0.4999920893086368;
0.49999162359259314;
0.49999118360893585;
0.4999908149621947;
0.49999050344150897;
0.4999901577943433;
0.4999897618887985;
Date and Time: 2025-01-21T15:29:24.370
Output: local boson: T = 0.01, alpha = 0.1, N_chain = 160, maxdim = 80, cutoff = -12, tau = 0.01, boson_dim = 12
Any[0.5000000000000038, 0.499999980566324, 0.499999929806491, 0.49999985691953075, 0.4999997652677428, 0.49999965564391563, 0.4999995270070167, 0.4999993794014655, 0.4999992143086795, 0.49999903145622643, 0.4999988298536848, 0.49999860904288895, 0.49999836956726357, 0.499998112782909, 0.49999784009337145, 0.499997552561806, 0.4999972511214861, 0.49999693676102624, 0.4999966106331413, 0.49999627428925136, 0.49999592953184036, 0.4999955778307453, 0.49999521984451134, 0.49999485515776587, 0.4999944842103582, 0.4999941057072601, 0.49999372314612195, 0.4999933308018966, 0.49999294693639185, 0.499992551929962, 0.4999921496068649, 0.49999175525419154, 0.49999137071571487, 0.4999909783609306, 0.49999056994543517, 0.49999017308589083, 0.49998982243379025, 0.4999894294848996, 0.49998906818373656, 0.4999887201272585, 0.4999883874281289, 0.4999880158002338, 0.4999876031056659, 0.4999872554108752, 0.49998701265133516, 0.49998676809905207, 0.49998650871606076, 0.49998622513032226, 0.4999859341271158, 0.49998561768601957, 0.49998533243099613, 0.4999851303734018, 0.4999849963941922, 0.49998487064741753, 0.4999847053273134, 0.4999844861187033, 0.49998424401967734, 0.4999840399340556, 0.49998391547399657, 0.49998386116229954, 0.49998385335264806, 0.49998386459087824, 0.4999838852629787, 0.4999839175938641, 0.4999839614173077, 0.49998400115648495, 0.4999840157933466, 0.49998399833588336, 0.4999839682670305, 0.49998397154537816, 0.499984060728998, 0.4999842764302148, 0.49998461477198747, 0.49998502107839343, 0.4999854175448596, 0.4999857443565307, 0.4999859790381105, 0.49998615543028546, 0.4999863192446782, 0.4999865246569961, 0.4999867985622456, 0.4999871450373951, 0.49998753716294897, 0.4999879422643705, 0.4999883513729327, 0.4999887418740526, 0.49998912937548334, 0.49998952673300456, 0.4999899080978266, 0.49999032060336346, 0.499990702941547, 0.4999911062523905, 0.4999914895821241, 0.4999918827607229, 0.4999922902650576, 0.49999269358532505, 0.49999311890198606, 0.4999935671576083, 0.49999399228400676, 0.4999944360055729, 0.49999487212901483, 0.49999528624647005, 0.49999567012238516, 0.49999601692903606, 0.499996345973555, 0.49999663495072416, 0.4999968711726674, 0.4999970928788466, 0.4999973285944608, 0.4999975422855667, 0.4999977202768299, 0.4999979218845442, 0.49999815867510305, 0.4999983750866772, 0.49999855995107334, 0.49999876810558075, 0.4999990018994789, 0.4999991990654335, 0.49999935008135715, 0.49999950079438193, 0.49999965606221947, 0.49999977190049605, 0.49999983316837765, 0.4999998573905869, 0.4999998649435159, 0.4999998568987192, 0.49999980998119775, 0.4999997187955777, 0.49999959364562835, 0.4999994639902629, 0.49999932575707495, 0.49999918169830454, 0.4999990179767994, 0.49999883967914494, 0.49999864573988834, 0.4999984512709808, 0.4999982602550603, 0.49999808004728064, 0.49999789642389836, 0.4999976816107821, 0.49999744314835937, 0.4999971521504268, 0.49999687559044304, 0.49999658492300725, 0.4999963080628833, 0.4999959964476638, 0.4999956065179065, 0.4999951732660366, 0.499994698455715, 0.49999425990872876, 0.4999938562287279, 0.499993455930339, 0.4999930497303421, 0.4999925778738081, 0.4999920893086368, 0.49999162359259314, 0.49999118360893585, 0.4999908149621947, 0.49999050344150897, 0.4999901577943433, 0.4999897618887985]
----------------------
----------------------
:::::::::::::::::::::::::::::::::::::::::::::::::::::::::::::::::::::::::::::::
                                     Date and Time: 2025-01-21T20:13:18.471
:::::::::::::::::::::::::::::::::::::::::::::::::::::::::::::::::::::::::::::::
local boson: T = 0.01, alpha = 0.1, N_chain = 160, maxdim = 80, cutoff = -11, tau = 0.002, boson_dim = 12;
0.49999999959024993;
0.49999999836915493;
0.4999999963596974;
0.49999999359828184;
