
:::::::::::::::::::::::::::::::::::::::::::::::::::::::::::::::::::::::::::::::
                                     Date and Time: 2025-01-21T13:07:02.223
:::::::::::::::::::::::::::::::::::::::::::::::::::::::::::::::::::::::::::::::
local boson: T = 0.01, alpha = 0.1, N_chain = 160, maxdim = 80, cutoff = -12, tau = 0.01, boson_dim = 12;
0.499999980566324;
0.499999929806491;
0.49999985691953075;
0.4999997652677428;
0.49999965564391563;
0.4999995270070167;
0.4999993794014655;
0.4999992143086795;
0.49999903145622643;
0.4999988298536848;
0.49999860904288895;
0.49999836956726357;
0.499998112782909;
0.49999784009337145;
0.499997552561806;
0.4999972511214861;
0.49999693676102624;
0.4999966106331413;
0.49999627428925136;
0.49999592953184036;
0.4999955778307453;
0.49999521984451134;
0.49999485515776587;
0.4999944842103582;
0.4999941057072601;
0.49999372314612195;
0.4999933308018966;
0.49999294693639185;
0.499992551929962;
0.4999921496068649;
0.49999175525419154;
0.49999137071571487;
0.4999909783609306;
0.49999056994543517;
0.49999017308589083;
0.49998982243379025;
0.4999894294848996;
0.49998906818373656;
0.4999887201272585;
0.4999883874281289;
0.4999880158002338;
0.4999876031056659;
0.4999872554108752;
0.49998701265133516;
0.49998676809905207;
0.49998650871606076;
0.49998622513032226;
0.4999859341271158;
0.49998561768601957;
0.49998533243099613;
0.4999851303734018;
0.4999849963941922;
0.49998487064741753;
0.4999847053273134;
0.4999844861187033;
0.49998424401967734;
0.4999840399340556;
0.49998391547399657;
0.49998386116229954;
0.49998385335264806;
0.49998386459087824;
0.4999838852629787;
0.4999839175938641;
0.4999839614173077;
0.49998400115648495;
0.4999840157933466;
0.49998399833588336;
0.4999839682670305;
0.49998397154537816;
0.499984060728998;
0.4999842764302148;
0.49998461477198747;
0.49998502107839343;
0.4999854175448596;
0.4999857443565307;
0.4999859790381105;
0.49998615543028546;
0.4999863192446782;
0.4999865246569961;
0.4999867985622456;
0.4999871450373951;
0.49998753716294897;
0.4999879422643705;
0.4999883513729327;
0.4999887418740526;
0.49998912937548334;
0.49998952673300456;
0.4999899080978266;
0.49999032060336346;
0.499990702941547;
0.4999911062523905;
0.4999914895821241;
0.4999918827607229;
0.4999922902650576;
0.49999269358532505;
0.49999311890198606;
0.4999935671576083;
0.49999399228400676;
0.4999944360055729;
0.49999487212901483;
0.49999528624647005;
0.49999567012238516;
0.49999601692903606;
0.499996345973555;
0.49999663495072416;
0.4999968711726674;
0.4999970928788466;
0.4999973285944608;
0.4999975422855667;
0.4999977202768299;
0.4999979218845442;
0.49999815867510305;
0.4999983750866772;
0.49999855995107334;
0.49999876810558075;
0.4999990018994789;
0.4999991990654335;
0.49999935008135715;
0.49999950079438193;
0.49999965606221947;
0.49999977190049605;
0.49999983316837765;
0.4999998573905869;
0.4999998649435159;
0.4999998568987192;
0.49999980998119775;
0.4999997187955777;
0.49999959364562835;
0.4999994639902629;
0.49999932575707495;
0.49999918169830454;
0.4999990179767994;
0.49999883967914494;
0.49999864573988834;
0.4999984512709808;
0.4999982602550603;
0.49999808004728064;
0.49999789642389836;
0.4999976816107821;
0.49999744314835937;
0.4999971521504268;
0.49999687559044304;
0.49999658492300725;
0.4999963080628833;
0.4999959964476638;
0.4999956065179065;
0.4999951732660366;
0.499994698455715;
0.49999425990872876;
0.4999938562287279;
0.499993455930339;
0.4999930497303421;
0.4999925778738081;
0.4999920893086368;
0.49999162359259314;
0.49999118360893585;
0.4999908149621947;
0.49999050344150897;
0.4999901577943433;
0.4999897618887985;
Date and Time: 2025-01-21T15:29:24.370
Output: local boson: T = 0.01, alpha = 0.1, N_chain = 160, maxdim = 80, cutoff = -12, tau = 0.01, boson_dim = 12
Any[0.5000000000000038, 0.499999980566324, 0.499999929806491, 0.49999985691953075, 0.4999997652677428, 0.49999965564391563, 0.4999995270070167, 0.4999993794014655, 0.4999992143086795, 0.49999903145622643, 0.4999988298536848, 0.49999860904288895, 0.49999836956726357, 0.499998112782909, 0.49999784009337145, 0.499997552561806, 0.4999972511214861, 0.49999693676102624, 0.4999966106331413, 0.49999627428925136, 0.49999592953184036, 0.4999955778307453, 0.49999521984451134, 0.49999485515776587, 0.4999944842103582, 0.4999941057072601, 0.49999372314612195, 0.4999933308018966, 0.49999294693639185, 0.499992551929962, 0.4999921496068649, 0.49999175525419154, 0.49999137071571487, 0.4999909783609306, 0.49999056994543517, 0.49999017308589083, 0.49998982243379025, 0.4999894294848996, 0.49998906818373656, 0.4999887201272585, 0.4999883874281289, 0.4999880158002338, 0.4999876031056659, 0.4999872554108752, 0.49998701265133516, 0.49998676809905207, 0.49998650871606076, 0.49998622513032226, 0.4999859341271158, 0.49998561768601957, 0.49998533243099613, 0.4999851303734018, 0.4999849963941922, 0.49998487064741753, 0.4999847053273134, 0.4999844861187033, 0.49998424401967734, 0.4999840399340556, 0.49998391547399657, 0.49998386116229954, 0.49998385335264806, 0.49998386459087824, 0.4999838852629787, 0.4999839175938641, 0.4999839614173077, 0.49998400115648495, 0.4999840157933466, 0.49998399833588336, 0.4999839682670305, 0.49998397154537816, 0.499984060728998, 0.4999842764302148, 0.49998461477198747, 0.49998502107839343, 0.4999854175448596, 0.4999857443565307, 0.4999859790381105, 0.49998615543028546, 0.4999863192446782, 0.4999865246569961, 0.4999867985622456, 0.4999871450373951, 0.49998753716294897, 0.4999879422643705, 0.4999883513729327, 0.4999887418740526, 0.49998912937548334, 0.49998952673300456, 0.4999899080978266, 0.49999032060336346, 0.499990702941547, 0.4999911062523905, 0.4999914895821241, 0.4999918827607229, 0.4999922902650576, 0.49999269358532505, 0.49999311890198606, 0.4999935671576083, 0.49999399228400676, 0.4999944360055729, 0.49999487212901483, 0.49999528624647005, 0.49999567012238516, 0.49999601692903606, 0.499996345973555, 0.49999663495072416, 0.4999968711726674, 0.4999970928788466, 0.4999973285944608, 0.4999975422855667, 0.4999977202768299, 0.4999979218845442, 0.49999815867510305, 0.4999983750866772, 0.49999855995107334, 0.49999876810558075, 0.4999990018994789, 0.4999991990654335, 0.49999935008135715, 0.49999950079438193, 0.49999965606221947, 0.49999977190049605, 0.49999983316837765, 0.4999998573905869, 0.4999998649435159, 0.4999998568987192, 0.49999980998119775, 0.4999997187955777, 0.49999959364562835, 0.4999994639902629, 0.49999932575707495, 0.49999918169830454, 0.4999990179767994, 0.49999883967914494, 0.49999864573988834, 0.4999984512709808, 0.4999982602550603, 0.49999808004728064, 0.49999789642389836, 0.4999976816107821, 0.49999744314835937, 0.4999971521504268, 0.49999687559044304, 0.49999658492300725, 0.4999963080628833, 0.4999959964476638, 0.4999956065179065, 0.4999951732660366, 0.499994698455715, 0.49999425990872876, 0.4999938562287279, 0.499993455930339, 0.4999930497303421, 0.4999925778738081, 0.4999920893086368, 0.49999162359259314, 0.49999118360893585, 0.4999908149621947, 0.49999050344150897, 0.4999901577943433, 0.4999897618887985]
----------------------
----------------------
:::::::::::::::::::::::::::::::::::::::::::::::::::::::::::::::::::::::::::::::
                                     Date and Time: 2025-01-21T20:13:18.471
:::::::::::::::::::::::::::::::::::::::::::::::::::::::::::::::::::::::::::::::
local boson: T = 0.01, alpha = 0.1, N_chain = 160, maxdim = 80, cutoff = -11, tau = 0.002, boson_dim = 12;
0.49999999959024993;
0.49999999836915493;
0.4999999963596974;
0.49999999359828184;
0.49999999013325996;
0.49999998602302664;
0.49999998133371965;
0.49999997613670666;
0.4999999705009782;
0.4999999644919936;
0.49999995821701;
0.4999999517241004;
0.499999945005209;
0.4999999379925375;
0.4999999306400832;
0.49999992288004247;
0.4999999146902602;
0.49999990607130207;
0.4999998970421673;
0.499999887595702;
0.49999987773103644;
0.499999867450611;
0.4999998567553253;
0.4999998456469616;
0.49999983412823823;
0.499999822201769;
0.4999998098717006;
0.49999979714866294;
0.49999978400982037;
0.49999977046578575;
0.4999997565192579;
0.4999997421567826;
0.4999997273908831;
0.4999997122112593;
0.4999996966308332;
0.4999996806401095;
0.49999966425196585;
0.499999647464396;
0.49999963029081884;
0.49999961273255356;
0.49999959479075096;
0.49999957644637194;
0.4999995576972971;
0.49999953850886025;
0.49999951887736827;
0.49999949879438466;
0.4999994782832114;
0.49999945735434687;
0.4999994360431739;
0.4999994143668685;
0.4999993923690058;
0.4999993700627575;
0.49999934748756514;
0.4999993246450303;
0.4999993015538506;
0.4999992782159861;
0.49999925463736006;
0.4999992308298726;
0.4999992067906171;
0.49999918250485276;
0.49999915795208766;
0.4999991330874186;
0.4999991078737309;
0.4999990822741326;
0.49999905626089214;
0.499999029805618;
0.4999990029155817;
0.4999989755830484;
0.4999989478244882;
0.49999891965168464;
0.49999889110011897;
0.4999988621831575;
0.4999988329259768;
0.49999880331405944;
0.49999877335517456;
0.49999874302873343;
0.49999871233781756;
0.49999868129165514;
0.4999986499102084;
0.499998618208368;
0.4999985861921945;
0.4999985538471339;
0.4999985211520757;
0.4999984880990677;
0.4999984546538844;
0.49999842083855894;
0.4999983866444941;
0.49999835207694016;
0.49999831713441134;
0.49999828184809075;
0.49999824622218464;
0.499998210269075;
0.4999981739983225;
0.4999981374252789;
0.4999981005589567;
0.49999806339385233;
0.4999980259160164;
0.499997988135358;
0.4999979500465153;
0.4999979116928095;
0.49999787308782423;
0.4999978342506007;
0.49999779518041276;
0.4999977558981155;
0.49999771639895735;
0.49999767669204076;
0.4999976367605484;
0.49999759656940224;
0.4999975561163723;
0.4999975154026624;
0.49999747444475257;
0.4999974332579694;
0.49999739185447734;
0.4999973502339339;
0.4999973084102788;
0.49999726640746284;
0.499997224250273;
0.4999971819571493;
0.49999713953846975;
0.49999709701744294;
0.4999970544041884;
0.49999701170566285;
0.4999969689128228;
0.4999969260066606;
0.4999968829692863;
0.49999683979639864;
0.499996796491516;
0.4999967530643632;
0.4999967094904233;
0.49999666574693746;
0.4999966218242826;
0.4999965777086226;
0.49999653340030575;
0.499996488898794;
0.49999644422390344;
0.4999963993500755;
0.4999963543059086;
0.49999630910610254;
0.4999962637626073;
0.4999962182865677;
0.49999617268315943;
0.49999612694513296;
0.4999960810824064;
0.4999960351025404;
0.49999598901502657;
0.499995942833515;
0.49999589657660976;
0.4999958502617172;
0.4999958039161434;
0.4999957575525231;
0.4999957111738521;
0.49999566476692264;
0.4999956183486934;
0.4999955719072595;
0.4999955254528266;
0.49999547898199487;
0.4999954325056622;
0.4999953860375337;
0.4999953395773705;
0.4999952931396583;
0.49999524673776075;
0.49999520037305867;
0.49999515401258326;
0.4999951076386624;
0.49999506125244675;
0.4999950148391561;
0.49999496838084084;
0.49999492189157646;
0.4999948753796012;
0.49999482885171465;
0.4999947823069292;
0.4999947357349225;
0.4999946891396696;
0.4999946425330195;
0.4999945959475109;
0.4999945494042797;
0.49999450293733305;
0.4999944566030501;
0.49999441045013737;
0.4999943644984409;
0.49999431875506556;
0.49999427319256085;
0.49999422778700375;
0.49999418249087135;
0.49999413726709374;
0.4999940920750661;
0.4999940469049029;
0.49999400174507314;
0.4999939565993781;
0.4999939114772954;
0.4999938663683732;
0.49999382128859343;
0.4999937762741617;
0.49999373133699887;
0.4999936864923523;
0.4999936417591472;
0.49999359718027486;
0.4999935527885846;
0.49999350862822584;
0.4999934647053419;
0.49999342103649647;
0.49999337760598456;
0.4999933344008927;
0.49999329144167914;
0.49999324875048673;
0.499993206321822;
0.49999316416704565;
0.4999931222883641;
0.499993080686973;
0.49999303935408046;
0.4999929982709017;
0.49999295742217775;
0.499992916791721;
0.49999287634748074;
0.49999283606423595;
0.49999279590532214;
0.4999927558466429;
0.499992715877619;
0.4999926760113399;
0.49999263625359924;
0.49999259662377493;
0.4999925571077144;
0.49999251768712505;
0.49999247834531463;
0.4999924391009912;
0.49999239999184486;
0.4999923610806668;
0.49999232243606123;
0.4999922841259889;
0.4999922462038394;
0.49999220868860217;
0.49999217157501613;
0.49999213483956234;
0.4999920984373648;
0.4999920623093994;
0.4999920264209531;
0.4999919907496597;
0.49999195527376605;
0.49999192000227866;
0.4999918849328579;
0.4999918500612522;
0.4999918153759195;
0.4999917808647089;
0.4999917465498334;
0.49999171245229945;
0.49999167861792826;
0.49999164509268507;
0.4999916119194135;
0.4999915791284968;
0.4999915467348952;
0.4999915147478727;
0.49999148314089814;
0.49999145189032884;
0.49999142097451127;
0.49999139033330403;
0.499991359908005;
0.49999132964289733;
0.4999912995206215;
0.49999126951267703;
0.49999123964640885;
0.49999120993319235;
0.4999911804430518;
0.4999911512358616;
0.49999112239556376;
0.499991093984987;
0.49999106605055754;
0.4999910385899139;
0.49999101157950826;
0.4999909849877662;
0.4999909587963587;
0.4999909329829822;
0.4999909075518666;
0.4999908825173871;
0.4999908578939511;
0.4999908336711893;
0.4999908098616037;
0.499990786467289;
0.49999076350634236;
0.49999074096097357;
0.49999071880962787;
0.4999906970245247;
0.4999906755695032;
0.4999906544318785;
0.4999906336093892;
0.4999906131146387;
0.4999905929575873;
0.49999057315373474;
0.499990553698187;
0.4999905345862006;
0.49999051580646736;
0.49999049735611106;
0.4999904792633658;
0.49999046157344196;
0.4999904443604146;
0.4999904276788781;
0.4999904115906497;
0.4999903961144262;
0.49999038121333333;
0.49999036683900716;
0.4999903529350104;
0.49999033942681753;
0.4999903262710381;
0.49999031341732986;
0.4999903008323571;
0.4999902884970892;
0.49999027640149124;
0.49999026456226087;
0.4999902529755358;
0.49999024163641803;
0.49999023053186087;
0.49999021962145845;
0.4999902089061207;
0.49999019841677406;
0.4999901882004298;
0.49999017833479914;
0.4999901688650653;
0.49999015981845746;
0.49999015117094414;
0.4999901428862962;
0.49999013493764266;
0.49999012730981274;
0.49999012003077;
0.49999011313986447;
0.49999010665346116;
0.49999010060024945;
0.49999009496704755;
0.49999008973892156;
0.49999008488405555;
0.49999008038653386;
0.4999900761831146;
0.4999900722509224;
0.49999006857481243;
0.49999006513284583;
0.4999900619738811;
0.4999900591448473;
0.4999900567062584;
0.4999900547114842;
0.4999900532141823;
0.49999005220185944;
0.4999900516737425;
0.49999005161483573;
0.49999005199457425;
0.49999005280103237;
0.49999005403260033;
0.4999900556968141;
0.49999005779744105;
0.4999900603133316;
0.4999900632091272;
0.4999900664320229;
0.4999900699327293;
0.4999900736856983;
0.49999007767350057;
0.49999008191156613;
0.49999008643326603;
0.4999900912538441;
0.4999900963946491;
0.4999901018394213;
0.4999901075608468;
0.49999011353573375;
0.49999011974887236;
0.49999012622240246;
0.4999901329771703;
0.49999014007198717;
0.49999014756608506;
0.49999015551126164;
0.4999901638911505;
0.4999901726746875;
0.49999018180909566;
0.49999019127528244;
0.49999020106137304;
0.49999021119199544;
0.4999902216879636;
0.49999023254003044;
0.4999902437315636;
0.4999902552526952;
0.4999902670854258;
0.49999027926459827;
0.499990291855956;
0.49999030489321095;
0.4999903184495088;
0.4999903325303148;
0.4999903471379597;
0.4999903622656902;
0.49999037783876277;
0.49999039379510984;
0.49999041007367284;
0.4999904266147109;
0.49999044340008836;
0.499990460386233;
0.49999047752515346;
0.49999049479177765;
0.4999905121859859;
0.49999052975863134;
0.49999054754580496;
0.4999905655819446;
0.4999905838836686;
0.4999906024518898;
0.4999906212951783;
0.4999906404281874;
0.4999906598366461;
Date and Time: 2025-01-21T21:20:56.707
Output: local boson: T = 0.01, alpha = 0.1, N_chain = 160, maxdim = 80, cutoff = -11, tau = 0.002, boson_dim = 12
Any[0.5000000000000038, 0.49999999959024993, 0.49999999836915493, 0.4999999963596974, 0.49999999359828184, 0.49999999013325996, 0.49999998602302664, 0.49999998133371965, 0.49999997613670666, 0.4999999705009782, 0.4999999644919936, 0.49999995821701, 0.4999999517241004, 0.499999945005209, 0.4999999379925375, 0.4999999306400832, 0.49999992288004247, 0.4999999146902602, 0.49999990607130207, 0.4999998970421673, 0.499999887595702, 0.49999987773103644, 0.499999867450611, 0.4999998567553253, 0.4999998456469616, 0.49999983412823823, 0.499999822201769, 0.4999998098717006, 0.49999979714866294, 0.49999978400982037, 0.49999977046578575, 0.4999997565192579, 0.4999997421567826, 0.4999997273908831, 0.4999997122112593, 0.4999996966308332, 0.4999996806401095, 0.49999966425196585, 0.499999647464396, 0.49999963029081884, 0.49999961273255356, 0.49999959479075096, 0.49999957644637194, 0.4999995576972971, 0.49999953850886025, 0.49999951887736827, 0.49999949879438466, 0.4999994782832114, 0.49999945735434687, 0.4999994360431739, 0.4999994143668685, 0.4999993923690058, 0.4999993700627575, 0.49999934748756514, 0.4999993246450303, 0.4999993015538506, 0.4999992782159861, 0.49999925463736006, 0.4999992308298726, 0.4999992067906171, 0.49999918250485276, 0.49999915795208766, 0.4999991330874186, 0.4999991078737309, 0.4999990822741326, 0.49999905626089214, 0.499999029805618, 0.4999990029155817, 0.4999989755830484, 0.4999989478244882, 0.49999891965168464, 0.49999889110011897, 0.4999988621831575, 0.4999988329259768, 0.49999880331405944, 0.49999877335517456, 0.49999874302873343, 0.49999871233781756, 0.49999868129165514, 0.4999986499102084, 0.499998618208368, 0.4999985861921945, 0.4999985538471339, 0.4999985211520757, 0.4999984880990677, 0.4999984546538844, 0.49999842083855894, 0.4999983866444941, 0.49999835207694016, 0.49999831713441134, 0.49999828184809075, 0.49999824622218464, 0.499998210269075, 0.4999981739983225, 0.4999981374252789, 0.4999981005589567, 0.49999806339385233, 0.4999980259160164, 0.499997988135358, 0.4999979500465153, 0.4999979116928095, 0.49999787308782423, 0.4999978342506007, 0.49999779518041276, 0.4999977558981155, 0.49999771639895735, 0.49999767669204076, 0.4999976367605484, 0.49999759656940224, 0.4999975561163723, 0.4999975154026624, 0.49999747444475257, 0.4999974332579694, 0.49999739185447734, 0.4999973502339339, 0.4999973084102788, 0.49999726640746284, 0.499997224250273, 0.4999971819571493, 0.49999713953846975, 0.49999709701744294, 0.4999970544041884, 0.49999701170566285, 0.4999969689128228, 0.4999969260066606, 0.4999968829692863, 0.49999683979639864, 0.499996796491516, 0.4999967530643632, 0.4999967094904233, 0.49999666574693746, 0.4999966218242826, 0.4999965777086226, 0.49999653340030575, 0.499996488898794, 0.49999644422390344, 0.4999963993500755, 0.4999963543059086, 0.49999630910610254, 0.4999962637626073, 0.4999962182865677, 0.49999617268315943, 0.49999612694513296, 0.4999960810824064, 0.4999960351025404, 0.49999598901502657, 0.499995942833515, 0.49999589657660976, 0.4999958502617172, 0.4999958039161434, 0.4999957575525231, 0.4999957111738521, 0.49999566476692264, 0.4999956183486934, 0.4999955719072595, 0.4999955254528266, 0.49999547898199487, 0.4999954325056622, 0.4999953860375337, 0.4999953395773705, 0.4999952931396583, 0.49999524673776075, 0.49999520037305867, 0.49999515401258326, 0.4999951076386624, 0.49999506125244675, 0.4999950148391561, 0.49999496838084084, 0.49999492189157646, 0.4999948753796012, 0.49999482885171465, 0.4999947823069292, 0.4999947357349225, 0.4999946891396696, 0.4999946425330195, 0.4999945959475109, 0.4999945494042797, 0.49999450293733305, 0.4999944566030501, 0.49999441045013737, 0.4999943644984409, 0.49999431875506556, 0.49999427319256085, 0.49999422778700375, 0.49999418249087135, 0.49999413726709374, 0.4999940920750661, 0.4999940469049029, 0.49999400174507314, 0.4999939565993781, 0.4999939114772954, 0.4999938663683732, 0.49999382128859343, 0.4999937762741617, 0.49999373133699887, 0.4999936864923523, 0.4999936417591472, 0.49999359718027486, 0.4999935527885846, 0.49999350862822584, 0.4999934647053419, 0.49999342103649647, 0.49999337760598456, 0.4999933344008927, 0.49999329144167914, 0.49999324875048673, 0.499993206321822, 0.49999316416704565, 0.4999931222883641, 0.499993080686973, 0.49999303935408046, 0.4999929982709017, 0.49999295742217775, 0.499992916791721, 0.49999287634748074, 0.49999283606423595, 0.49999279590532214, 0.4999927558466429, 0.499992715877619, 0.4999926760113399, 0.49999263625359924, 0.49999259662377493, 0.4999925571077144, 0.49999251768712505, 0.49999247834531463, 0.4999924391009912, 0.49999239999184486, 0.4999923610806668, 0.49999232243606123, 0.4999922841259889, 0.4999922462038394, 0.49999220868860217, 0.49999217157501613, 0.49999213483956234, 0.4999920984373648, 0.4999920623093994, 0.4999920264209531, 0.4999919907496597, 0.49999195527376605, 0.49999192000227866, 0.4999918849328579, 0.4999918500612522, 0.4999918153759195, 0.4999917808647089, 0.4999917465498334, 0.49999171245229945, 0.49999167861792826, 0.49999164509268507, 0.4999916119194135, 0.4999915791284968, 0.4999915467348952, 0.4999915147478727, 0.49999148314089814, 0.49999145189032884, 0.49999142097451127, 0.49999139033330403, 0.499991359908005, 0.49999132964289733, 0.4999912995206215, 0.49999126951267703, 0.49999123964640885, 0.49999120993319235, 0.4999911804430518, 0.4999911512358616, 0.49999112239556376, 0.499991093984987, 0.49999106605055754, 0.4999910385899139, 0.49999101157950826, 0.4999909849877662, 0.4999909587963587, 0.4999909329829822, 0.4999909075518666, 0.4999908825173871, 0.4999908578939511, 0.4999908336711893, 0.4999908098616037, 0.499990786467289, 0.49999076350634236, 0.49999074096097357, 0.49999071880962787, 0.4999906970245247, 0.4999906755695032, 0.4999906544318785, 0.4999906336093892, 0.4999906131146387, 0.4999905929575873, 0.49999057315373474, 0.499990553698187, 0.4999905345862006, 0.49999051580646736, 0.49999049735611106, 0.4999904792633658, 0.49999046157344196, 0.4999904443604146, 0.4999904276788781, 0.4999904115906497, 0.4999903961144262, 0.49999038121333333, 0.49999036683900716, 0.4999903529350104, 0.49999033942681753, 0.4999903262710381, 0.49999031341732986, 0.4999903008323571, 0.4999902884970892, 0.49999027640149124, 0.49999026456226087, 0.4999902529755358, 0.49999024163641803, 0.49999023053186087, 0.49999021962145845, 0.4999902089061207, 0.49999019841677406, 0.4999901882004298, 0.49999017833479914, 0.4999901688650653, 0.49999015981845746, 0.49999015117094414, 0.4999901428862962, 0.49999013493764266, 0.49999012730981274, 0.49999012003077, 0.49999011313986447, 0.49999010665346116, 0.49999010060024945, 0.49999009496704755, 0.49999008973892156, 0.49999008488405555, 0.49999008038653386, 0.4999900761831146, 0.4999900722509224, 0.49999006857481243, 0.49999006513284583, 0.4999900619738811, 0.4999900591448473, 0.4999900567062584, 0.4999900547114842, 0.4999900532141823, 0.49999005220185944, 0.4999900516737425, 0.49999005161483573, 0.49999005199457425, 0.49999005280103237, 0.49999005403260033, 0.4999900556968141, 0.49999005779744105, 0.4999900603133316, 0.4999900632091272, 0.4999900664320229, 0.4999900699327293, 0.4999900736856983, 0.49999007767350057, 0.49999008191156613, 0.49999008643326603, 0.4999900912538441, 0.4999900963946491, 0.4999901018394213, 0.4999901075608468, 0.49999011353573375, 0.49999011974887236, 0.49999012622240246, 0.4999901329771703, 0.49999014007198717, 0.49999014756608506, 0.49999015551126164, 0.4999901638911505, 0.4999901726746875, 0.49999018180909566, 0.49999019127528244, 0.49999020106137304, 0.49999021119199544, 0.4999902216879636, 0.49999023254003044, 0.4999902437315636, 0.4999902552526952, 0.4999902670854258, 0.49999027926459827, 0.499990291855956, 0.49999030489321095, 0.4999903184495088, 0.4999903325303148, 0.4999903471379597, 0.4999903622656902, 0.49999037783876277, 0.49999039379510984, 0.49999041007367284, 0.4999904266147109, 0.49999044340008836, 0.499990460386233, 0.49999047752515346, 0.49999049479177765, 0.4999905121859859, 0.49999052975863134, 0.49999054754580496, 0.4999905655819446, 0.4999905838836686, 0.4999906024518898, 0.4999906212951783, 0.4999906404281874, 0.4999906598366461]
----------------------
