----------------------
:::::::::::::::::::::::::::::::::::::::::::::::::::::::::::::::::::::::::::::::
                                     Date and Time: 2025-01-28T01:39:13.279
:::::::::::::::::::::::::::::::::::::::::::::::::::::::::::::::::::::::::::::::
local boson: T = 0.1, alpha = 0.1, N_chain = 160, maxdim = 80, cutoff = -11, tau = 0.005, jump = 10, boson_dim = 12;
0.4999999999999993;
0.4999605261540901;
0.499852858241285;
0.4997000738732129;
0.4995233077044288;
0.49933618723890216;
0.49914595282242075;
0.498955967345654;
0.49876757316937603;
0.4985811305148988;
0.4983965678354089;
0.4982136391123199;
0.49803201795857;
0.4978513621356088;
0.497671377053525;
0.4974918435210117;
0.4973125595291964;
0.4971333204898037;
0.4969539411363212;
0.496774284345324;
0.4965863837687617;
0.49637394768438675;
0.49616032409552085;
0.4959456164406713;
0.4957299650699052;
0.4955134952589134;
0.495296329967394;
0.4950786478537883;
0.49486065122107364;
0.49464249717209247;
0.49442433918255446;
0.4942064060923783;
0.4939889316137448;
0.4937720948553258;
0.4935560435413464;
0.4933409432340835;
0.49312696922438526;
0.49291432346542746;
0.49270323478559663;
0.4924939092718691;
0.49228650977621147;
0.4920811650094682;
0.49187802586433876;
0.49167726464949546;
0.4914790338019168;
0.49128346429271885;
0.4910906566190859;
0.49090071342791464;
0.49071373499474774;
0.4905297950362467;
0.4903489639916149;
0.4901713090791572;
0.48999688139621705;
0.48982571469445935;
0.48965782883808895;
0.4894932380359798;
0.4893319549433264;
0.4891739672202845;
0.48901925338409513;
0.4888677856588203;
0.488719521112777;
0.48857440773850835;
0.4884323884183587;
0.48829341218067496;
0.48815738208700166;
0.4880241657125927;
0.4878936615057381;
0.4877657629284606;
0.48764035414199997;
0.4875172970276981;
0.4873964404159194;
Date and Time: 2025-01-28T02:53:03.133
Output: local boson: T = 0.1, alpha = 0.1, N_chain = 160, maxdim = 80, cutoff = -11, tau = 0.005, boson_dim = 12
Any[0.4999999999999993, 0.4999605261540901, 0.499852858241285, 0.4997000738732129, 0.4995233077044288, 0.49933618723890216, 0.49914595282242075, 0.498955967345654, 0.49876757316937603, 0.4985811305148988, 0.4983965678354089, 0.4982136391123199, 0.49803201795857, 0.4978513621356088, 0.497671377053525, 0.4974918435210117, 0.4973125595291964, 0.4971333204898037, 0.4969539411363212, 0.496774284345324, 0.4965863837687617, 0.49637394768438675, 0.49616032409552085, 0.4959456164406713, 0.4957299650699052, 0.4955134952589134, 0.495296329967394, 0.4950786478537883, 0.49486065122107364, 0.49464249717209247, 0.49442433918255446, 0.4942064060923783, 0.4939889316137448, 0.4937720948553258, 0.4935560435413464, 0.4933409432340835, 0.49312696922438526, 0.49291432346542746, 0.49270323478559663, 0.4924939092718691, 0.49228650977621147, 0.4920811650094682, 0.49187802586433876, 0.49167726464949546, 0.4914790338019168, 0.49128346429271885, 0.4910906566190859, 0.49090071342791464, 0.49071373499474774, 0.4905297950362467, 0.4903489639916149, 0.4901713090791572, 0.48999688139621705, 0.48982571469445935, 0.48965782883808895, 0.4894932380359798, 0.4893319549433264, 0.4891739672202845, 0.48901925338409513, 0.4888677856588203, 0.488719521112777, 0.48857440773850835, 0.4884323884183587, 0.48829341218067496, 0.48815738208700166, 0.4880241657125927, 0.4878936615057381, 0.4877657629284606, 0.48764035414199997, 0.4875172970276981, 0.4873964404159194]
----------------------
