----------------------
:::::::::::::::::::::::::::::::::::::::::::::::::::::::::::::::::::::::::::::::
                                     Date and Time: 2024-09-29T00:06:53.755
:::::::::::::::::::::::::::::::::::::::::::::::::::::::::::::::::::::::::::::::
Unbiased boson: T = 5, alpha = 0.1, N_chain = 150, maxdim = 1000, cutoff = -8, tau = 0.01;
0.0011198828890612855;
0.004796373280774313;
0.01076578724387156;
0.018764685325445375;
0.02844733030376317;
0.03941195903688936;
0.05122838160523987;
0.0627159766643812;
0.07729794100449294;
0.0920611590097821;
0.10662073959004058;
0.12062115270154922;
0.12903527045763818;
0.14451304482208535;
0.1593158290851645;
0.17551854371144465;
0.18146066579098738;
0.19426902612363195;
0.20624972250262594;
0.2168805312191744;
0.21872114239281132;
0.2299411865618595;
0.2403325898947861;
0.24150582407597038;
0.2519669463766626;
0.26174451426882883;
0.261221468082893;
0.2764246482374714;
0.27664644710659386;
0.28493782624645486;
0.2852099277965299;
0.2926714710413821;
0.2985479755544946;
0.29638159253068486;
0.30165148316127033;
0.2975355326449258;
0.3082664497799636;
0.3035559631061544;
0.30478618132048624;
0.2995605441484622;
0.2997687038176499;
0.29448781767911164;
0.29384648577540445;
0.2890299019860078;
0.2961765369850079;
0.2896218226938229;
0.2814964225993841;
0.27656597084744927;
0.2679219068223131;
0.2608028013453969;
0.2648075206236914;
0.2560842634447697;
0.24597499822673652;
0.2402567736114114;
0.233872970138042;
0.23592302628469983;
0.230542787656911;
0.22203657241374494;
0.21327920369040754;
0.20707237376732987;
0.20622411902043086;
0.2002751531286976;
0.19269297398943272;
0.18215589310187222;
0.17520277744348758;
0.17974112689727;
0.17121674962287922;
0.16089783144342393;
0.15426431699110968;
0.15738604519583588;
0.14911656004073;
0.141920542639507;
0.13795718699274936;
0.1395253108585745;
0.13059277033866776;
0.12286795936368326;
0.11864490148839797;
0.11212918527301385;
0.10902358788553924;
0.10472707057422206;
0.09832276449233349;
0.09330047313718354;
0.09541067712879574;
0.08902404764465612;
0.08253080266596145;
0.07746192190347939;
0.0723944087562295;
0.0682117344571382;
0.06394667754877362;
0.058543075775116735;
0.054931683688389236;
0.05372911214262004;
0.04906646303214669;
0.04493159649258988;
0.04167224625474063;
0.0406792113580956;
0.04023849577125489;
0.038889394731727034;
0.035756438208323735;
0.029861833297804563;
0.030059429440033973;
0.028127603296681153;
0.02434301629836661;
0.020317155299617688;
0.021369306622755952;
0.016679218564638807;
0.012853131720461397;
0.015365949938220661;
0.015053352073804893;
0.014404659458328183;
0.013879830099158306;
0.013127001613035389;
0.009959898480528594;
0.007797320830885128;
0.0037214544945220933;
-0.001347306754832885;
-0.007114732549439035;
-0.007895893310898598;
-0.009026036475933287;
-0.014621491606741347;
-0.017504322410143745;
-0.01605115885654955;
-0.019934748998503206;
-0.023050842189463985;
-0.026630858777781412;
-0.032154290044405835;
-0.032643349182076516;
-0.032919253809089465;
-0.03552904472353703;
-0.038502074575813866;
-0.04009631230177984;
-0.04459790079555149;
-0.04679054739037453;
-0.044754919636614265;
-0.044847031373785345;
-0.04918354298932887;
-0.05396000298996162;
-0.0531835197996937;
-0.054869471374513965;
-0.06010487717002024;
-0.06853590957103868;
----------------------
:::::::::::::::::::::::::::::::::::::::::::::::::::::::::::::::::::::::::::::::
                                     Date and Time: 2024-09-29T21:38:01.391
:::::::::::::::::::::::::::::::::::::::::::::::::::::::::::::::::::::::::::::::
Unbiased boson: T = 5, alpha = 0.1, N_chain = 200, maxdim = 1000, cutoff = -8, tau = 0.005;
[1.3361001194311939e-8;
1.694432982812799e-7;
0.0018631269482427548;
0.004455467918490497;
0.007752612142447601;
0.011032784994530198;
0.014825392961112516;
0.019088331346406306;
0.023775256619446017;
0.02883644020862941;
0.034219875078359;
0.039872304909799317;
0.04574014971208684;
0.05177029111593234;
0.057910727999563316;
0.054666166215614626;
0.06526382932937058;
0.06811403423195306;
0.07585976738296793;
0.08366047353631084;
0.09146357991806076;
0.09921856297915865;
0.1068772389783812;
0.11439400392652121;
0.12172590138949668;
0.12883267781327867;
0.1356767499233233;
0.12942336420699446;
0.1332595001172998;
0.14112510811403745;
0.14898446046703318;
0.1567825371506293;
0.16446174883472664;
0.1719623320696695;
0.17922299127932084;
0.18618135552141424;
0.20103966619123836;
0.19266223961177942;
0.18639787883540093;
0.20071196287555215;
0.2069968701189695;
0.2134080949520667;
0.21982326174602163;
0.22610277970731563;
0.23209483080333104;
0.22254115071222227;
0.22401448580891548;
0.2290267356860498;
0.23476763406495849;
0.241036806237227;
0.24757463008290292;
0.25406836048748604;
0.24516759667395915;
0.24765039860339955;
0.25272030606436346;
0.2589462880697224;
0.26594079607638876;
0.2731682699042226;
0.2649894974201594;
0.2690191090488292;
0.2859926540015833;
0.294161682381423;
0.3029917878942079;
0.2974325398127253;
0.3004976928707978;
0.305624203073368;
0.3121198919726731;
0.30855261004428813;
0.3097269392636659;
0.31347768132601317;
0.3189361794886533;
0.32504584226356603;
0.3171137183115458;
0.3194704063559928;
0.3236116215746654;
0.3284993840295458;
0.3217511940550366;
0.32355960040949366;
0.32681438519560624;
0.3428462711359548;
0.3469798053904738;
0.34207597242595505;
0.341353310921394;
0.34598158106289856;
0.3486925169368549;
0.3369772888841438;
0.3377089572696279;
0.33880699890722066;
0.33939511778104947;
0.33793704380234435;
0.32898345004780394;
0.3268011784676672;
0.32694002608321115;
0.3254154754137206;
0.32132477249167124;
0.31857381133800766;
0.31998226749935244;
0.3209049809332343;
0.32091191972954075;
0.3188051624945981;
0.3142680884762161;
0.30767298231675344;
0.2974001483210559;
0.2942687159983859;
0.2877213240483706;
0.28261654601944297;
0.27222349519558653;
0.26525235364272537;
0.261883020705652;
0.2724767729918559;
0.27227653189916823;
0.2725701932384361;
0.26078158568692555;
0.26098170668463205;
0.26043442927526844;
0.25795829757245087;
0.25368560422873443;
0.2484106023932564;
0.23484960648173514;
0.22612071224424046;
0.22633221872253584;
0.21935943885240117;
0.2134205919342047;
0.21413019830434643;
0.21152687035240522;
0.2098185019879198;
0.20700119150178775;
0.20046939850484335;
0.18634039997602603;
0.18273044087559337;
0.1806315233241866;
0.18775160848629735;
0.18464393837842596;
0.1719436683280673;
0.16540287368115303;
0.1636619186691668;
0.16232826412274082;
0.15867886495699035;
0.15377856967917214;
0.14651011242362566;
0.14252266425474822;
0.13567106736822043;
0.1283263652111788;
0.12259222941022052;
0.12170769444931617;
0.11983949808168637;
0.11678796814913461;
0.11230243737025969;
0.10674894522960457;
0.10386524809133935;
0.09915801227328158;
0.09449547331366048;
0.09586408761654286;
0.09605026820325158;
0.09333572510820363;
0.08933009773683387;
0.08664456484796801;
0.08300979746138082;
0.08283878527043376;
0.07944477474027267;
0.07789712789171288;
0.07366972558974227;
0.07338242019933883;
0.06937284706221014;
0.06625411909694234;
0.06367879480221744;
0.05398101489683671;
0.05641887775929;
0.05802349433573495;
0.060235460154151044;
0.05931905839831608;
0.05680184076991279;
0.054509087824694546;
0.04532290356968338;
0.039608088502329775;
0.03579446618085513;
0.03395623761212607;
0.04169590985936347;
0.04182812457955709;
0.04107445656497122;
0.03926683162759348;
0.03626936990889784;
0.02581660087775106;
0.024539039945895708;
0.02326744957128757;
0.022142932583157915;
0.029400258202993967;
0.028092552760894396;
0.017735519285722035;
0.016123093022175905;
0.013217812660104578;
0.01295744694417289]
----------------------
:::::::::::::::::::::::::::::::::::::::::::::::::::::::::::::::::::::::::::::::
                                     Date and Time: 2024-10-01T19:31:42.233
:::::::::::::::::::::::::::::::::::::::::::::::::::::::::::::::::::::::::::::::
Unbiased boson: T = 5, alpha = 0.1, N_chain = 150, maxdim = 1000, cutoff = -11, tau = 0.002;
4.5065603693217327e-5;
0.00019494868050418113;
0.00044444694471783286;
0.0007930764431285375;
0.0012401500732173165;
0.0017847800050097007;
0.0024258816662126037;
0.00316217789908535;
0.003992203985059284;
0.004914313329551501;
0.005926683971257951;
0.007027325466271717;
0.008214086531066478;
0.009484663236247748;
0.010836607431174983;
0.012267335699145399;
0.013774138614142117;
0.015147685957062063;
0.016867030900979962;
0.01866442063125362;
0.020537531125242037;
0.02248394634102313;
0.024501162857459846;
0.026586594624150583;
0.02873757803656396;
0.030951377064922236;
0.0332251885354351;
0.03555614746331148;
0.0379413325443112;
0.04037777160209588;
0.0428624471336958;
0.045392301797175794;
0.0479642439047967;
0.050575152915954824;
0.05322188482415058;
0.05590127757637564;
0.05861015633784605;
0.06080292973070778;
0.06390624168733927;
0.06675973517317191;
0.06963878510451993;
0.07254054508071262;
0.07546217444062697;
0.07840084096016886;
0.08135372320150491;
0.08431801451763699;
0.08729092179965425;
0.09026966804698278;
0.09325149394506793;
0.09623365864758204;
0.0992134451288651;
0.10218815923052071;
0.10515513099496054;
0.10811171600244585;
0.11105529676874726;
0.11324660058058267;
0.11627119836166155;
0.1192886338032273;
0.12229666493152047;
0.12529305178612948;
0.12827555679983949;
0.13124194425140345;
0.13418998150332984;
0.13711743862920844;
0.14002208913416192;
0.14290171012126818;
0.14575437210473385;
0.1485776245278292;
0.15136922214242787;
0.15412696129502024;
0.15581207075582304;
0.15861587853971404;
0.1613995445057248;
0.16416114663947434;
0.16689867226404864;
0.1696100298456682;
0.1722932501922736;
0.17494591299710427;
0.17756571366194657;
0.18015028792151;
0.1826972195410892;
0.1852039804335487;
0.18821689536546726;
0.19059235338336755;
0.19172849166659844;
0.1941357155748613;
0.19651948420973397;
0.19887740666421627;
0.20120777702059556;
0.2035069394648592;
0.20577161613721806;
0.20799851961802313;
0.21018420151114325;
0.21232508170326847;
0.21441833766283613;
0.21645938564987532;
0.2170812922879517;
0.2191386063397638;
0.22117921301079146;
0.22319983808932742;
0.22519643261975641;
0.22716455077265163;
0.22909932736903116;
0.23099555052003007;
0.23284750857360814;
0.23464975592144;
0.2349281603860054;
0.2366889828278873;
0.2384433987264456;
0.24018767674827135;
0.24191715492644095;
0.24362631172043792;
0.24531041586323132;
0.24696143170371831;
0.24856893259594948;
0.25012799131446384;
0.2501175494522695;
0.25161099160009304;
0.25310414958112926;
0.2554159011876611;
0.256852783045769;
0.25826664654544224;
0.2596525846265685;
0.26100292793078406;
0.2623089554824598;
0.2635615319575568;
0.26320914809324636;
0.26439796505883795;
0.26558604781856676;
0.2667688597815798;
0.2679401189228381;
0.26909238360417476;
0.27021724079884235;
0.27130577058837035;
0.27235311805245965;
0.2733472172722351;
0.27274883967565167;
0.27370164554713083;
0.2746572247331047;
0.2756136315086033;
0.2765593782762532;
0.2774873650489562;
0.2783866140784012;
0.27924708308618706;
0.2800587358650075;
0.2808181506920304;
0.2800285220917187;
0.280774562128272;
0.2815224931803084;
0.2822718103863697;
0.2830075717529801;
0.28479684378873715;
0.28542890485998285;
0.2860155815867585;
0.2865596602491527;
0.2857285734052528;
0.2862316778131646;
0.2867344200328803;
0.2872310196846417;
0.28772496828773997;
0.2881952804398291;
0.2886344122796647;
0.2890330589274681;
0.2894003556955793;
0.289715454244055;
0.2886812296690189;
0.28900957230365565;
0.28933961345678494;
0.2896822370002661;
0.2900087231280657;
0.29031584600253124;
0.29058443423607416;
0.29083340958706294;
0.29104086278122776;
0.2900495545606063;
0.29026238199275634;
0.2904809215373283;
0.290726087939272;
0.29096540232891044;
0.29247408241345196;
0.2926148846696258;
0.2927267215827589;
0.29279483458699573;
0.2928046391303396;
0.29164747674664987;
0.2917029329345677;
0.2917861484811324;
0.2918594805604302;
0.2919077090267064;
0.291925106710611;
0.29193005679256645;
0.2918948740237015;
0.29180857678656746;
0.2906841782995828;
0.2906324550607381;
0.29060560746640984;
0.2905693248384522;
0.2905168848629791;
0.2904383541525446;
0.2903257764758499;
0.29021460664346854;
0.2900588385433833;
0.2898516579825372;
0.2900767942679572;
0.28996341007592186;
0.2898399463468482;
0.28969945978499223;
0.2895327014045823;
0.2893282778023143;
0.289087484348801;
0.2888287986329563;
0.2885126367723617;
0.28813203681166133;
0.28695356378394266;
0.2867267987790023;
0.28648658660618276;
0.28623651906034553;
0.2859402851727588;
0.28560657934872946;
0.28522948144399374;
0.2848352282774358;
0.28439396297808006;
0.2831780743396406;
0.2828728893726762;
0.28261529456125034;
0.2838909324010541;
0.28358251883819907;
0.2832370113824978;
0.2828464061546132;
0.28240655791410274;
0.28191659872672803;
0.28139189317624713;
0.2801492279866924;
0.27976296810033885;
0.27936620419699576;
0.2789782161228653;
0.2785714485092905;
0.2781306761494573;
0.2776488589013304;
0.27713638505405536;
0.27655950314836586;
0.2759238559446042;
0.2746689669236718;
0.27422333045634684;
0.27378367865957265;
0.2733524399069487;
0.2745202003013869;
0.2740753111508121;
0.2735962627535282;
0.2730751293013589;
0.2725021003132655;
0.27187546124840534;
0.27072120984106274;
0.2702852259260924;
0.26984912519134596;
0.2694051739685899;
0.2689517812679981;
0.2684769947772919;
0.26798458571519745;
0.2674613501138512;
0.26690630521039593;
0.26628960268640367;
0.26522072991735923;
0.26479821880492915;
0.2638119441659703;
0.26337843554464707;
0.2629301856012286;
0.26402520725021805;
0.2635110778922145;
0.2629608467364375;
0.26234640718902913;
0.2616777098519152;
0.2606232695022692;
0.26010188008412927;
0.2596082431541302;
0.2590877685201276;
0.2585264893577577;
0.25793493401937706;
0.2573100677484841;
0.2566448266644872;
0.2559727229189523;
0.2552681606977081;
0.25449785473330433;
0.25343884647924253;
0.2528774072649842;
0.2523117743995981;
0.25178546102905264;
0.2527657618284773;
0.25218221057118906;
0.2515600899493098;
0.2509085575500003;
0.25023110676062815;
0.24968246437065758;
0.2490554763529551;
0.24821362345228692;
0.24785516257558315;
0.24744752754227162;
0.24702278897979768;
0.2465782081542689;
0.2456894332518722;
0.2450974321060312;
0.24453114880806925;
0.24393810795557413;
0.24332331869181267;
0.24252909657408728;
0.24116991629935525;
0.24029497622335416;
0.24126878346440034;
0.24083699166682626;
0.24034892784452477;
0.23981910488471425;
0.23921804799141577;
0.23855981672039894;
0.23781506582426504;
0.23708240099273858;
0.23631297206333501;
0.2355086830707065;
0.2346885071960736;
0.23367206696151;
0.23308632969699927;
0.23252463040024374;
0.23196174715994777;
0.2313402149631827;
0.23072504070670297;
0.230099441626469;
0.2295093755183006;
0.22888967725054332;
0.22971218998937837;
0.2291418232809872;
0.2285295136786325;
0.22766171876711927;
0.22730238342749676;
0.22693627286790585;
0.22589748015788835;
0.22538409378910357;
0.22483697335107244;
0.2242486949574629;
0.22363030808886242;
0.22297214626681994;
0.22229340674602416;
0.22168997562194148;
0.22068886061035742;
0.22036162535377102;
0.22004076601418732;
0.21975893941328373;
0.21890698048537827;
0.21848864734930196;
0.21924553679170122;
0.21867209937831422;
0.21801782696734273;
0.21728265533987878;
0.21646598777314008;
0.21523830984587766;
0.21457753443943073;
0.21331536169777454;
0.21252761320172953;
0.21176480143914045;
0.21097076202256093;
0.21015779187028016;
0.20974414187763246;
0.20892804857192138;
0.20816519551569712;
0.20710941399798566;
0.20669152331453944;
0.20633707895695297;
0.2059713515987771;
0.20560800104399424;
0.20635503055438376;
0.20585760065860992;
0.20525092102829934;
0.2046513034007491;
0.203515215417005;
0.20264280298615267;
0.20138140513611957;
0.20075720771572936;
0.2001424732888113;
0.19957993604641233;
0.19843046337775228;
0.19782807145640735;
0.19773270961077893;
0.19712074968802895;
0.19648013549289356;
0.19555514293473353;
0.19448976186786648;
0.19393972047371255;
0.19339408388069357;
0.19283404840031437;
0.1933417257188319;
0.19272828368918637;
0.19207225083961443;
0.19150835558151558;
0.19095323578022239;
0.19032100823515585;
0.189604782606545;
0.18836901730280575;
0.18772248246201606;
0.1870147684778778;
0.1862660389844728;
0.18551198144417524;
0.18474821532260544;
0.18403681021110507;
0.1833503177667284;
0.18250544887771225;
0.18170407847317716;
0.18042860926265059;
0.17929686638917808;
0.1786408847197496;
0.17793135667970583;
0.17821174459697886;
0.17751236580126895;
0.17689654003533173;
0.1762814553275538;
0.17568161539747126;
0.17508017386225205;
0.17423295761151425;
0.17341057419306694;
0.1723046100579606;
0.17160473059749104;
0.17091763285576045;
0.17024997138243014;
0.1696018777588848;
0.16897368505046362;
0.16820708130227402;
0.16760193616900676;
0.16698958757085935;
0.16640417413388287;
0.16531960511856347;
0.16410310018213914;
0.16440546117346688;
0.1637402247500197;
0.16307014454375324;
0.16245091832162162;
0.16175497281278872;
0.16105195928228613;
0.16031866937027406;
0.15955139936940643;
0.15881051495242327;
0.15812547547189304;
0.15808785741083797;
0.15726477263944272;
0.15691925956690111;
0.15637876529472905;
0.15598025344110145;
0.15575482030111276;
0.15551765982579902;
0.15528149923463297;
0.15509262555707393;
0.1548201269085392;
Date and Time: 2024-10-02T15:48:22.128
Output: Unbiased boson: T = 5, alpha = 0.1, N_chain = 150, maxdim = 1000, cutoff = -11, tau = 0.002
[0.0, 4.5065603693217327e-5, 0.00019494868050418113, 0.00044444694471783286, 0.0007930764431285375, 0.0012401500732173165, 0.0017847800050097007, 0.0024258816662126037, 0.00316217789908535, 0.003992203985059284, 0.004914313329551501, 0.005926683971257951, 0.007027325466271717, 0.008214086531066478, 0.009484663236247748, 0.010836607431174983, 0.012267335699145399, 0.013774138614142117, 0.015147685957062063, 0.016867030900979962, 0.01866442063125362, 0.020537531125242037, 0.02248394634102313, 0.024501162857459846, 0.026586594624150583, 0.02873757803656396, 0.030951377064922236, 0.0332251885354351, 0.03555614746331148, 0.0379413325443112, 0.04037777160209588, 0.0428624471336958, 0.045392301797175794, 0.0479642439047967, 0.050575152915954824, 0.05322188482415058, 0.05590127757637564, 0.05861015633784605, 0.06080292973070778, 0.06390624168733927, 0.06675973517317191, 0.06963878510451993, 0.07254054508071262, 0.07546217444062697, 0.07840084096016886, 0.08135372320150491, 0.08431801451763699, 0.08729092179965425, 0.09026966804698278, 0.09325149394506793, 0.09623365864758204, 0.0992134451288651, 0.10218815923052071, 0.10515513099496054, 0.10811171600244585, 0.11105529676874726, 0.11324660058058267, 0.11627119836166155, 0.1192886338032273, 0.12229666493152047, 0.12529305178612948, 0.12827555679983949, 0.13124194425140345, 0.13418998150332984, 0.13711743862920844, 0.14002208913416192, 0.14290171012126818, 0.14575437210473385, 0.1485776245278292, 0.15136922214242787, 0.15412696129502024, 0.15581207075582304, 0.15861587853971404, 0.1613995445057248, 0.16416114663947434, 0.16689867226404864, 0.1696100298456682, 0.1722932501922736, 0.17494591299710427, 0.17756571366194657, 0.18015028792151, 0.1826972195410892, 0.1852039804335487, 0.18821689536546726, 0.19059235338336755, 0.19172849166659844, 0.1941357155748613, 0.19651948420973397, 0.19887740666421627, 0.20120777702059556, 0.2035069394648592, 0.20577161613721806, 0.20799851961802313, 0.21018420151114325, 0.21232508170326847, 0.21441833766283613, 0.21645938564987532, 0.2170812922879517, 0.2191386063397638, 0.22117921301079146, 0.22319983808932742, 0.22519643261975641, 0.22716455077265163, 0.22909932736903116, 0.23099555052003007, 0.23284750857360814, 0.23464975592144, 0.2349281603860054, 0.2366889828278873, 0.2384433987264456, 0.24018767674827135, 0.24191715492644095, 0.24362631172043792, 0.24531041586323132, 0.24696143170371831, 0.24856893259594948, 0.25012799131446384, 0.2501175494522695, 0.25161099160009304, 0.25310414958112926, 0.2554159011876611, 0.256852783045769, 0.25826664654544224, 0.2596525846265685, 0.26100292793078406, 0.2623089554824598, 0.2635615319575568, 0.26320914809324636, 0.26439796505883795, 0.26558604781856676, 0.2667688597815798, 0.2679401189228381, 0.26909238360417476, 0.27021724079884235, 0.27130577058837035, 0.27235311805245965, 0.2733472172722351, 0.27274883967565167, 0.27370164554713083, 0.2746572247331047, 0.2756136315086033, 0.2765593782762532, 0.2774873650489562, 0.2783866140784012, 0.27924708308618706, 0.2800587358650075, 0.2808181506920304, 0.2800285220917187, 0.280774562128272, 0.2815224931803084, 0.2822718103863697, 0.2830075717529801, 0.28479684378873715, 0.28542890485998285, 0.2860155815867585, 0.2865596602491527, 0.2857285734052528, 0.2862316778131646, 0.2867344200328803, 0.2872310196846417, 0.28772496828773997, 0.2881952804398291, 0.2886344122796647, 0.2890330589274681, 0.2894003556955793, 0.289715454244055, 0.2886812296690189, 0.28900957230365565, 0.28933961345678494, 0.2896822370002661, 0.2900087231280657, 0.29031584600253124, 0.29058443423607416, 0.29083340958706294, 0.29104086278122776, 0.2900495545606063, 0.29026238199275634, 0.2904809215373283, 0.290726087939272, 0.29096540232891044, 0.29247408241345196, 0.2926148846696258, 0.2927267215827589, 0.29279483458699573, 0.2928046391303396, 0.29164747674664987, 0.2917029329345677, 0.2917861484811324, 0.2918594805604302, 0.2919077090267064, 0.291925106710611, 0.29193005679256645, 0.2918948740237015, 0.29180857678656746, 0.2906841782995828, 0.2906324550607381, 0.29060560746640984, 0.2905693248384522, 0.2905168848629791, 0.2904383541525446, 0.2903257764758499, 0.29021460664346854, 0.2900588385433833, 0.2898516579825372, 0.2900767942679572, 0.28996341007592186, 0.2898399463468482, 0.28969945978499223, 0.2895327014045823, 0.2893282778023143, 0.289087484348801, 0.2888287986329563, 0.2885126367723617, 0.28813203681166133, 0.28695356378394266, 0.2867267987790023, 0.28648658660618276, 0.28623651906034553, 0.2859402851727588, 0.28560657934872946, 0.28522948144399374, 0.2848352282774358, 0.28439396297808006, 0.2831780743396406, 0.2828728893726762, 0.28261529456125034, 0.2838909324010541, 0.28358251883819907, 0.2832370113824978, 0.2828464061546132, 0.28240655791410274, 0.28191659872672803, 0.28139189317624713, 0.2801492279866924, 0.27976296810033885, 0.27936620419699576, 0.2789782161228653, 0.2785714485092905, 0.2781306761494573, 0.2776488589013304, 0.27713638505405536, 0.27655950314836586, 0.2759238559446042, 0.2746689669236718, 0.27422333045634684, 0.27378367865957265, 0.2733524399069487, 0.2745202003013869, 0.2740753111508121, 0.2735962627535282, 0.2730751293013589, 0.2725021003132655, 0.27187546124840534, 0.27072120984106274, 0.2702852259260924, 0.26984912519134596, 0.2694051739685899, 0.2689517812679981, 0.2684769947772919, 0.26798458571519745, 0.2674613501138512, 0.26690630521039593, 0.26628960268640367, 0.26522072991735923, 0.26479821880492915, 0.2638119441659703, 0.26337843554464707, 0.2629301856012286, 0.26402520725021805, 0.2635110778922145, 0.2629608467364375, 0.26234640718902913, 0.2616777098519152, 0.2606232695022692, 0.26010188008412927, 0.2596082431541302, 0.2590877685201276, 0.2585264893577577, 0.25793493401937706, 0.2573100677484841, 0.2566448266644872, 0.2559727229189523, 0.2552681606977081, 0.25449785473330433, 0.25343884647924253, 0.2528774072649842, 0.2523117743995981, 0.25178546102905264, 0.2527657618284773, 0.25218221057118906, 0.2515600899493098, 0.2509085575500003, 0.25023110676062815, 0.24968246437065758, 0.2490554763529551, 0.24821362345228692, 0.24785516257558315, 0.24744752754227162, 0.24702278897979768, 0.2465782081542689, 0.2456894332518722, 0.2450974321060312, 0.24453114880806925, 0.24393810795557413, 0.24332331869181267, 0.24252909657408728, 0.24116991629935525, 0.24029497622335416, 0.24126878346440034, 0.24083699166682626, 0.24034892784452477, 0.23981910488471425, 0.23921804799141577, 0.23855981672039894, 0.23781506582426504, 0.23708240099273858, 0.23631297206333501, 0.2355086830707065, 0.2346885071960736, 0.23367206696151, 0.23308632969699927, 0.23252463040024374, 0.23196174715994777, 0.2313402149631827, 0.23072504070670297, 0.230099441626469, 0.2295093755183006, 0.22888967725054332, 0.22971218998937837, 0.2291418232809872, 0.2285295136786325, 0.22766171876711927, 0.22730238342749676, 0.22693627286790585, 0.22589748015788835, 0.22538409378910357, 0.22483697335107244, 0.2242486949574629, 0.22363030808886242, 0.22297214626681994, 0.22229340674602416, 0.22168997562194148, 0.22068886061035742, 0.22036162535377102, 0.22004076601418732, 0.21975893941328373, 0.21890698048537827, 0.21848864734930196, 0.21924553679170122, 0.21867209937831422, 0.21801782696734273, 0.21728265533987878, 0.21646598777314008, 0.21523830984587766, 0.21457753443943073, 0.21331536169777454, 0.21252761320172953, 0.21176480143914045, 0.21097076202256093, 0.21015779187028016, 0.20974414187763246, 0.20892804857192138, 0.20816519551569712, 0.20710941399798566, 0.20669152331453944, 0.20633707895695297, 0.2059713515987771, 0.20560800104399424, 0.20635503055438376, 0.20585760065860992, 0.20525092102829934, 0.2046513034007491, 0.203515215417005, 0.20264280298615267, 0.20138140513611957, 0.20075720771572936, 0.2001424732888113, 0.19957993604641233, 0.19843046337775228, 0.19782807145640735, 0.19773270961077893, 0.19712074968802895, 0.19648013549289356, 0.19555514293473353, 0.19448976186786648, 0.19393972047371255, 0.19339408388069357, 0.19283404840031437, 0.1933417257188319, 0.19272828368918637, 0.19207225083961443, 0.19150835558151558, 0.19095323578022239, 0.19032100823515585, 0.189604782606545, 0.18836901730280575, 0.18772248246201606, 0.1870147684778778, 0.1862660389844728, 0.18551198144417524, 0.18474821532260544, 0.18403681021110507, 0.1833503177667284, 0.18250544887771225, 0.18170407847317716, 0.18042860926265059, 0.17929686638917808, 0.1786408847197496, 0.17793135667970583, 0.17821174459697886, 0.17751236580126895, 0.17689654003533173, 0.1762814553275538, 0.17568161539747126, 0.17508017386225205, 0.17423295761151425, 0.17341057419306694, 0.1723046100579606, 0.17160473059749104, 0.17091763285576045, 0.17024997138243014, 0.1696018777588848, 0.16897368505046362, 0.16820708130227402, 0.16760193616900676, 0.16698958757085935, 0.16640417413388287, 0.16531960511856347, 0.16410310018213914, 0.16440546117346688, 0.1637402247500197, 0.16307014454375324, 0.16245091832162162, 0.16175497281278872, 0.16105195928228613, 0.16031866937027406, 0.15955139936940643, 0.15881051495242327, 0.15812547547189304, 0.15808785741083797, 0.15726477263944272, 0.15691925956690111, 0.15637876529472905, 0.15598025344110145, 0.15575482030111276, 0.15551765982579902, 0.15528149923463297, 0.15509262555707393, 0.1548201269085392]
----------------------
----------------------
:::::::::::::::::::::::::::::::::::::::::::::::::::::::::::::::::::::::::::::::
                                     Date and Time: 2024-10-02T19:11:51.428
:::::::::::::::::::::::::::::::::::::::::::::::::::::::::::::::::::::::::::::::
Unbiased boson: T = 5, alpha = 0.1, N_chain = 150, maxdim = 1000, cutoff = -11, tau = 0.006;
0.0004488142923975147;
0.0017875126280264553;
0.003992411510160554;
0.007024465688204585;
0.010820048548673689;
0.015475228627534476;
0.020846904568605495;
0.0268730225921332;
0.03348461721433549;
0.04061933884852431;
0.048123427884960705;
0.056137364443709085;
0.06446541391974535;
0.0730323934863275;
0.08176345571592189;
0.09044236597130492;
0.09946616562961359;
0.10849934360113161;
0.11748141198719692;
0.126354584902788;
0.13494168286004574;
0.14366357104533814;
0.1522927920836469;
0.16051743078940295;
0.16815608408610172;
0.17601886755908;
0.18360139269030226;
0.1905510900614969;
0.19761717553024008;
0.20439381634673717;
0.21084560058531854;
0.2165287562821969;
0.2225084888658466;
0.22835642081271673;
0.23315995465938957;
0.23823064545561123;
0.24300859252679405;
0.24698845735474056;
0.2512521536595087;
0.25524064717397055;
0.25845019431907457;
0.2619458691515692;
0.2654796887955885;
0.26792414016985006;
0.2706534966747658;
0.2731585092842208;
0.2749538184412252;
0.27704882270249065;
0.2789505122758321;
0.28018768447894266;
0.28173745530907146;
0.2834400538743722;
0.2841302594155927;
0.28513121180367873;
0.2859752823656237;
0.28621848257259663;
0.28678450406044326;
0.28722048085040464;
0.28757743434087857;
0.28775411680059676;
0.28781513710668255;
0.2873302218258641;
0.2871686593907115;
0.28688458430164837;
0.2861253911002322;
0.28621612115996836;
0.2856453933783261;
0.28457841518977767;
0.28384077377069267;
0.28301362960658666;
0.28177276745606816;
0.2808525993005508;
0.28032723901544226;
0.27874402579847096;
0.27765572071147726;
0.27646816422477355;
0.27493024814373324;
0.27371718347707236;
0.27295300732743544;
0.27129905800861315;
0.269960514043334;
0.26851843807945563;
0.26674533322615934;
0.26530534661348;
0.2635498110506715;
0.26220307083457545;
0.26031786383895333;
0.25868104169296385;
0.25676994759945976;
0.25510061016026236;
0.25335253913216643;
0.25191191643578054;
0.2502027335913856;
0.24837935590016205;
0.24628722380454068;
0.24420105475780737;
0.2423415864218333;
0.2401202911172641;
0.2388571887281794;
0.23714024261406294;
0.235106605264322;
0.23329135423971586;
0.23120744220089645;
0.22920222517763658;
0.22785008157430287;
0.2259836612086824;
0.22400334055394489;
0.22193325395004043;
0.21985498726928399;
0.21808609168549706;
0.21681449092020127;
0.21497795564800853;
0.2130010981237756;
0.21084190864603497;
0.20884264475229225;
0.20673036469464995;
0.20446591335676442;
0.20305690193961165;
0.2010119966123752;
0.19889102325948252;
0.19678309737475125;
0.19467270299624947;
0.19254891091724316;
0.19124933718805764;
0.18905104368235678;
0.18709688808715488;
0.18511213626070994;
0.18324310995365456;
0.1811805913998186;
0.1794529865524727;
0.17747927610173037;
0.17559550878581695;
0.1736190609248317;
0.1719604989330297;
0.1703313419032763;
0.16865000079724055;
0.16704564052815976;
0.16532900212265186;
0.16353093417214817;
0.1618293804473948;
0.16074064319182244;
0.1591003511089951;
0.15776218409291007;
0.15610917428976145;
0.15452447132121808;
0.1527654744229414;
0.15093772708390765;
0.14937299801606435;
0.14805982155252337;
0.1461865426787249;
0.14473584861001965;
0.14317830791460143;
0.14155860299796816;
----------------------
:::::::::::::::::::::::::::::::::::::::::::::::::::::::::::::::::::::::::::::::
                                     Date and Time: 2024-10-29T19:55:30.260
:::::::::::::::::::::::::::::::::::::::::::::::::::::::::::::::::::::::::::::::
Unbiased boson: T = 5, alpha = 0.1, N_chain = 150, maxdim = 1000, cutoff = -11, tau = 0.006;
0.0004488143871585193;
----------------------
:::::::::::::::::::::::::::::::::::::::::::::::::::::::::::::::::::::::::::::::
                                     Date and Time: 2024-10-29T19:57:33.619
:::::::::::::::::::::::::::::::::::::::::::::::::::::::::::::::::::::::::::::::
Unbiased boson: T = 5, alpha = 0.1, N_chain = 150, maxdim = 50, cutoff = -11, tau = 0.006;
----------------------
:::::::::::::::::::::::::::::::::::::::::::::::::::::::::::::::::::::::::::::::
                                     Date and Time: 2024-10-29T19:58:18.172
:::::::::::::::::::::::::::::::::::::::::::::::::::::::::::::::::::::::::::::::
Unbiased boson: T = 5, alpha = 0.1, N_chain = 150, maxdim = 50, cutoff = -11, tau = 0.006;
0.0004488143871585193;
0.0017875150704615983;
0.0039924267401514335;
Date and Time: 2024-10-29T19:59:08.679
Output: Unbiased boson: T = 5, alpha = 0.1, N_chain = 150, maxdim = 50, cutoff = -11, tau = 0.006
[0.0, 0.0004488143871585193, 0.0017875150704615983, 0.0039924267401514335]
----------------------
----------------------
:::::::::::::::::::::::::::::::::::::::::::::::::::::::::::::::::::::::::::::::
                                     Date and Time: 2024-10-29T20:14:24.742
:::::::::::::::::::::::::::::::::::::::::::::::::::::::::::::::::::::::::::::::
Unbiased boson: T = 5, alpha = 0.1, N_chain = 150, maxdim = 50, cutoff = -11, tau = 0.006;
0.0004488143871585193;
0.0017875150704615983;
0.0039924267401514335;
Date and Time: 2024-10-29T20:15:20.144
Output: Unbiased boson: T = 5, alpha = 0.1, N_chain = 150, maxdim = 50, cutoff = -11, tau = 0.006
[0.0, 0.0004488143871585193, 0.0017875150704615983, 0.0039924267401514335]
----------------------
----------------------
:::::::::::::::::::::::::::::::::::::::::::::::::::::::::::::::::::::::::::::::
                                     Date and Time: 2024-10-29T20:22:24.152
:::::::::::::::::::::::::::::::::::::::::::::::::::::::::::::::::::::::::::::::
Unbiased boson: T = 5, alpha = 0.1, N_chain = 150, maxdim = 50, cutoff = -11, tau = 0.006;
0.00044881417188280537;
0.001787530481411892;
0.003992495429455678;
0.007024705981240054;
0.01082040299044823;
0.015475690482644189;
0.020847452174732606;
0.026873632656410074;
0.033485250705678204;
0.04061994948895142;
0.04812465285113088;
0.056139026509749446;
0.06446748535654523;
0.07303480865994416;
0.08176611272542322;
0.09044537422614463;
0.09946660734400092;
0.10849879413971086;
0.1174810998749165;
0.12635409639250028;
0.13494113232523364;
0.14366262422677023;
0.15229115958736994;
0.16051527064320226;
0.16815298691841285;
0.17601433586394988;
0.18359597705063999;
0.19054488012296145;
0.1976103151689057;
0.20439125008797632;
0.21083967361462674;
0.21651836074748546;
0.22249248450362247;
0.22834087143862314;
0.23313922752776772;
0.23820356588595548;
0.24296911889035155;
0.24694190162295737;
0.2511927600853392;
0.25517259828555794;
0.25838169624309293;
0.2618722299021492;
0.26540211623748977;
0.2678490343892559;
0.27057333824300617;
0.2730678498815142;
0.27486579418969925;
0.27694838869779526;
0.27883000283734916;
0.2800638121246424;
0.28159862511162315;
0.2832849861904574;
0.2839601293582808;
0.2849205566127222;
0.2857169143860583;
0.28595162444655653;
0.2864848225629102;
0.2868853924450909;
0.2872352255527122;
0.2873556069344363;
0.28735291741815994;
0.28685179009813044;
0.28665622477591635;
0.286347938845799;
0.2855731471478329;
0.285671081817096;
0.28507812308858904;
0.2840394128118817;
0.2832922751248024;
0.28244289840512193;
0.28115205133999455;
0.28020636620118555;
0.27964640989774914;
0.27799071447115464;
0.2768262727107229;
0.275577989747533;
0.2739664465263303;
0.2727122092156184;
0.271904610961049;
0.27021042588587507;
0.2687207151119697;
0.2671374451643227;
0.26520200512103465;
0.26355886887396984;
0.2617589221179939;
0.2602525630611141;
0.2582289458092357;
0.2564599285281577;
0.254422401451182;
0.2526500906737672;
0.25078047963439376;
0.24922167232110937;
0.2473922747313062;
0.2454757521487133;
0.24330879900297253;
0.24119043406967133;
0.23927340726875856;
0.23710968628205126;
0.23581054038783467;
0.23403773722746601;
0.23199119040473448;
0.23015056648009735;
0.2279677712271333;
0.2258879970126193;
0.2244851665847425;
0.22257789891672042;
0.22054190335046853;
0.21873549397738445;
0.21664505806426315;
0.21478738092517435;
0.2135763148816694;
0.21181239403098018;
0.209921044805772;
0.20782154564469302;
0.20591898281466237;
0.20401284144702658;
0.20170183361278848;
0.20036510848933653;
0.19852452987340063;
0.19672832081851777;
Date and Time: 2024-10-30T12:15:07.552
Output: Unbiased boson: T = 5, alpha = 0.1, N_chain = 150, maxdim = 50, cutoff = -11, tau = 0.006
[0.0, 0.00044881417188280537, 0.001787530481411892, 0.003992495429455678, 0.007024705981240054, 0.01082040299044823, 0.015475690482644189, 0.020847452174732606, 0.026873632656410074, 0.033485250705678204, 0.04061994948895142, 0.04812465285113088, 0.056139026509749446, 0.06446748535654523, 0.07303480865994416, 0.08176611272542322, 0.09044537422614463, 0.09946660734400092, 0.10849879413971086, 0.1174810998749165, 0.12635409639250028, 0.13494113232523364, 0.14366262422677023, 0.15229115958736994, 0.16051527064320226, 0.16815298691841285, 0.17601433586394988, 0.18359597705063999, 0.19054488012296145, 0.1976103151689057, 0.20439125008797632, 0.21083967361462674, 0.21651836074748546, 0.22249248450362247, 0.22834087143862314, 0.23313922752776772, 0.23820356588595548, 0.24296911889035155, 0.24694190162295737, 0.2511927600853392, 0.25517259828555794, 0.25838169624309293, 0.2618722299021492, 0.26540211623748977, 0.2678490343892559, 0.27057333824300617, 0.2730678498815142, 0.27486579418969925, 0.27694838869779526, 0.27883000283734916, 0.2800638121246424, 0.28159862511162315, 0.2832849861904574, 0.2839601293582808, 0.2849205566127222, 0.2857169143860583, 0.28595162444655653, 0.2864848225629102, 0.2868853924450909, 0.2872352255527122, 0.2873556069344363, 0.28735291741815994, 0.28685179009813044, 0.28665622477591635, 0.286347938845799, 0.2855731471478329, 0.285671081817096, 0.28507812308858904, 0.2840394128118817, 0.2832922751248024, 0.28244289840512193, 0.28115205133999455, 0.28020636620118555, 0.27964640989774914, 0.27799071447115464, 0.2768262727107229, 0.275577989747533, 0.2739664465263303, 0.2727122092156184, 0.271904610961049, 0.27021042588587507, 0.2687207151119697, 0.2671374451643227, 0.26520200512103465, 0.26355886887396984, 0.2617589221179939, 0.2602525630611141, 0.2582289458092357, 0.2564599285281577, 0.254422401451182, 0.2526500906737672, 0.25078047963439376, 0.24922167232110937, 0.2473922747313062, 0.2454757521487133, 0.24330879900297253, 0.24119043406967133, 0.23927340726875856, 0.23710968628205126, 0.23581054038783467, 0.23403773722746601, 0.23199119040473448, 0.23015056648009735, 0.2279677712271333, 0.2258879970126193, 0.2244851665847425, 0.22257789891672042, 0.22054190335046853, 0.21873549397738445, 0.21664505806426315, 0.21478738092517435, 0.2135763148816694, 0.21181239403098018, 0.209921044805772, 0.20782154564469302, 0.20591898281466237, 0.20401284144702658, 0.20170183361278848, 0.20036510848933653, 0.19852452987340063, 0.19672832081851777]
----------------------
----------------------
:::::::::::::::::::::::::::::::::::::::::::::::::::::::::::::::::::::::::::::::
                                     Date and Time: 2024-10-30T12:18:10.688
:::::::::::::::::::::::::::::::::::::::::::::::::::::::::::::::::::::::::::::::
Unbiased boson: T = 5, alpha = 0.1, N_chain = 100, maxdim = 10, cutoff = -11, tau = 0.006;
0.0004488140105673999;
0.0017875267600553357;
0.003992472204228381;
0.007024625141627272;
0.010820329295668785;
0.015475677293097512;
0.020847557198055977;
0.02687392268541089;
0.033485797326454625;
0.040620823285597574;
0.048125398485449056;
0.05613979257257373;
0.06446829680106791;
0.07303570503841561;
0.08176714505320204;
0.09044642414945958;
0.09946767298241177;
0.10849990571928925;
0.11748230927299819;
0.1263554530314126;
0.13494244660416932;
0.14366400791465672;
0.1522926769003119;
0.16051701547109554;
0.16815498804684248;
0.17601674537409684;
0.1835989691060802;
0.1905484707319799;
0.19761467089701723;
0.2043965401331005;
0.21084620146386013;
0.21652631734286887;
0.22250195751094548;
0.22835205088489463;
0.23315227610506972;
0.2382185067371645;
0.24298847184711647;
0.24696810508217926;
0.251224978823239;
0.2552093960680457;
0.2584216970811515;
0.2619142256649054;
0.26544544178802587;
0.26789454692123515;
0.2706232417414023;
0.2731243987936782;
0.2749290235977142;
0.2770218397431523;
0.27891904949872703;
0.28017095496379874;
0.28172261440050084;
0.283424180600067;
0.28412591694254585;
0.2851169607594045;
0.28594583114555094;
0.2862053939634013;
0.286765126179922;
0.2871933848239694;
0.28757252502953357;
0.2877260549621896;
0.28774087307592566;
0.2872425900224407;
0.2870411478021473;
0.2867274555197197;
0.28595578265838695;
0.28605051558606986;
0.2854539687598967;
0.2843920870990724;
0.28364286841597863;
0.28278622658356456;
0.28148916857001494;
0.2805349388425582;
0.27997157099937664;
0.27851584147531305;
0.2773239529520466;
0.27602285581182495;
0.2743638071574517;
0.2730538948410577;
0.2721908019208963;
0.27043845906553343;
0.2689705581484514;
0.26741855850079266;
0.26553405419810217;
0.2639537523377311;
0.26232278583387947;
0.2608484532046207;
0.2591192298072864;
0.25733138170558334;
0.25530348408978054;
0.25351701148421113;
0.2516501606375232;
0.2500637542635631;
0.24821860230000992;
0.2463079643633126;
0.2441691926786116;
0.24227302365997794;
0.24031354824260998;
0.23819131688782025;
0.23677257442389354;
0.23475674138384584;
0.23260837848182447;
0.2306793341507185;
0.22868526031477598;
0.22656998780068438;
0.22510052615024034;
0.22311637330618694;
0.22094948882511734;
0.2190243283898552;
0.2170285301457131;
0.21492325385666367;
0.21347490136985892;
0.2115352068476628;
0.2094582920281196;
0.20743305828729852;
0.2054559891750407;
0.20339760705218035;
0.20133082262219215;
0.199816371160233;
0.19778763122063614;
0.1957334017899659;
0.19379924247314717;
0.19177633547427797;
0.1897395722379458;
0.18826189365543644;
0.18630877750688835;
0.18422612054763698;
0.18221568312015712;
0.18035249342412962;
0.17844032704300572;
0.17697079717915454;
0.1751469057031385;
0.17326600321376784;
0.17132448289486346;
0.16945007993746097;
0.16774007403097535;
0.16601009628086638;
0.1645566427323497;
0.16292590180183586;
0.1612057881085205;
0.15944869209425816;
0.15787609434669836;
0.15632501569895485;
0.15496583708644873;
0.15329366140126588;
0.15181751693404966;
0.15024134797481103;
0.14861260518667097;
0.14723651867437626;
0.1461647837145974;
0.1446078897553993;
0.1432370162832708;
0.1417996899861773;
0.1403053607667848;
0.13902598646514663;
0.13777153683822152;
0.13666890910496443;
0.135420316361351;
0.13411001734488226;
0.1327982985506737;
0.13160420939778428;
0.1304915834077769;
0.12955663303930443;
0.12828042050844202;
0.127172280006832;
0.12603326109106305;
0.12493118377010504;
0.12401545236565004;
0.12305457806888187;
0.12222357378366411;
0.1212866599088619;
0.12029311241486262;
0.11925499280801555;
0.11834000066240913;
0.11758382921800425;
0.11692261455809039;
0.11605494315264364;
0.11531705934697545;
0.11453639578690167;
0.11358681504523849;
0.11286017844874818;
0.11218474103497078;
0.11162132092729093;
0.11087983059687723;
0.11018128721601572;
0.1094335637600169;
0.10869478628583451;
0.10811260393209926;
0.10767582296519057;
0.10686033584214605;
0.10609425483926183;
0.10546469564548522;
0.10481855967392484;
0.10409908502823084;
0.1034855919764821;
0.1030143550589599;
0.10225023000340339;
0.10148787967667605;
0.1007879223093866;
0.1000221143617197;
0.09928122769381487;
0.09866952619203007;
0.09809096618559887;
0.09726211249050376;
0.09653329659131682;
0.09575759560953578;
0.0948415774042477;
0.09403366681419445;
0.09329706317146025;
0.09232341729004112;
0.09133817220349782;
0.09036722055638657;
0.08928959209996562;
0.0881812858277431;
0.08711407533533448;
0.08606423546819754;
0.0846886431100661;
0.08334777956102064;
0.08195857857338393;
0.0804824160738765;
0.07897121086048799;
0.0776532726597452;
0.07598689114245982;
0.07415696862161852;
0.07234165200682104;
0.07049449260409117;
0.06852387300915551;
0.06644899675576381;
0.06449962330337568;
0.06220649272776493;
0.059789694829637696;
0.057398614875829715;
0.0549652406207456;
0.052340587648317775;
0.049606128760658875;
0.046878643985852265;
0.04391735802875886;
0.04082661665370595;
0.03763197488426635;
0.03436155339167445;
0.0309850945717339;
0.02758164467771191;
0.023993605448759323;
0.020187582387206103;
0.016161011210768034;
0.012178433679664823;
0.0080699085238786;
0.0037305067808331423;
-0.0006284814799314385;
-0.005249510177383408;
-0.01006146671879994;
-0.01500034046806684;
-0.020066175161114128;
-0.025368921555540578;
-0.030685779050939024;
-0.0362795965326734;
-0.0420731045877311;
-0.04811953623359193;
-0.054274493468164285;
-0.0605462306941939;
-0.06703971091322262;
-0.07363835356673727;
-0.08050661053840229;
-0.08763248893618514;
-0.09508316587487987;
-0.10255803930217201;
-0.110174897200949;
-0.11798363443132959;
-0.1259523951567052;
-0.1343402862092883;
-0.14295201704415444;
-0.15180900573674447;
-0.16077232964738283;
-0.1698965416197589;
-0.1794442268577514;
-0.1891547673590495;
-0.199091422674623;
-0.2092604208388562;
-0.2197711420078398;
-0.23046287471804153;
-0.24133675322223166;
-0.2524447230614128;
-0.2640140876389705;
-0.2758873021478314;
-0.2878952714072401;
-0.30019123302540096;
-0.31270237140605844;
-0.32542279182011086;
-0.3385049174309351;
-0.35204257592480726;
-0.36580366662188435;
-0.3797461450176054;
-0.39409175715730066;
-0.4086619177580688;
-0.42340614474607735;
-0.43848096043268403;
-0.4541185924768125;
-0.46988698262396383;
-0.4859562630252087;
-0.5023702352900911;
-0.5190493556967453;
-0.5360539050993991;
-0.5534473224365584;
-0.5712469621444095;
-0.5893075902307546;
-0.6076335511666577;
-0.626267418041204;
-0.6452500809646172;
-0.6645229052464984;
-0.6842328238386;
-0.7044434550655587;
-0.7247714148206433;
-0.7454344870979196;
-0.7664595270102613;
-0.787922270868682;
-0.8095970861787403;
-0.8315564436406305;
-0.854009417824134;
-0.8768097221290307;
-0.9000097079423603;
-0.9234728696491995;
-0.9470638428369927;
-0.9709414471100057;
-0.9953079947522634;
-1.0198574680501098;
-1.0449679066079276;
-1.0705393519515258;
-1.0965092266312253;
-1.1225651113954078;
-1.148972978334063;
-1.1758121291787627;
-1.2031395484260055;
-1.2308006775573501;
-1.2584464715914754;
-1.2863388671141442;
-1.314708491742199;
-1.3433966233586612;
-1.3726237916875978;
-1.402151680985075;
-1.431936233616814;
-1.4619062543275414;
-1.4922205851078467;
-1.5227114175740422;
-1.5535164676671025;
-1.5846266527030892;
-1.6161212591359078;
-1.647890417736863;
-1.6798939263122714;
-1.7121956085448617;
-1.7448828561281238;
-1.7776926612418769;
-1.8107675014793199;
-1.8440960672865747;
-1.8776583706766539;
-1.9115027775985032;
-1.9457203974218418;
-1.980160227107641;
-2.0147413053857375;
-2.0496259907338077;
-2.0848331442519825;
-2.1203688854486367;
-2.156041786447098;
-2.191907887086366;
-2.227987246557553;
-2.264388701775621;
-2.3011445322091735;
-2.338079094822398;
-2.3753066814917005;
-2.4128316582028018;
-2.450617190510999;
-2.488675803514074;
-2.5269814103391464;
-2.565591260288872;
-2.60456057267898;
-2.6435861263824254;
-2.6827611539740355;
-2.7221187977292973;
-2.7616486372312834;
-2.8014952292582325;
-2.841570582261127;
-2.8819011602003006;
-2.9224738665895202;
-2.963322584648749;
-3.0044540805149893;
-3.0456946181917846;
-3.087179347381198;
-3.1289717542133793;
-3.171075302964273;
-3.213456010888467;
-3.256115476017785;
-3.299095547043163;
Date and Time: 2024-10-31T10:38:38.727
Output: Unbiased boson: T = 5, alpha = 0.1, N_chain = 100, maxdim = 10, cutoff = -11, tau = 0.006
[0.0, 0.0004488140105673999, 0.0017875267600553357, 0.003992472204228381, 0.007024625141627272, 0.010820329295668785, 0.015475677293097512, 0.020847557198055977, 0.02687392268541089, 0.033485797326454625, 0.040620823285597574, 0.048125398485449056, 0.05613979257257373, 0.06446829680106791, 0.07303570503841561, 0.08176714505320204, 0.09044642414945958, 0.09946767298241177, 0.10849990571928925, 0.11748230927299819, 0.1263554530314126, 0.13494244660416932, 0.14366400791465672, 0.1522926769003119, 0.16051701547109554, 0.16815498804684248, 0.17601674537409684, 0.1835989691060802, 0.1905484707319799, 0.19761467089701723, 0.2043965401331005, 0.21084620146386013, 0.21652631734286887, 0.22250195751094548, 0.22835205088489463, 0.23315227610506972, 0.2382185067371645, 0.24298847184711647, 0.24696810508217926, 0.251224978823239, 0.2552093960680457, 0.2584216970811515, 0.2619142256649054, 0.26544544178802587, 0.26789454692123515, 0.2706232417414023, 0.2731243987936782, 0.2749290235977142, 0.2770218397431523, 0.27891904949872703, 0.28017095496379874, 0.28172261440050084, 0.283424180600067, 0.28412591694254585, 0.2851169607594045, 0.28594583114555094, 0.2862053939634013, 0.286765126179922, 0.2871933848239694, 0.28757252502953357, 0.2877260549621896, 0.28774087307592566, 0.2872425900224407, 0.2870411478021473, 0.2867274555197197, 0.28595578265838695, 0.28605051558606986, 0.2854539687598967, 0.2843920870990724, 0.28364286841597863, 0.28278622658356456, 0.28148916857001494, 0.2805349388425582, 0.27997157099937664, 0.27851584147531305, 0.2773239529520466, 0.27602285581182495, 0.2743638071574517, 0.2730538948410577, 0.2721908019208963, 0.27043845906553343, 0.2689705581484514, 0.26741855850079266, 0.26553405419810217, 0.2639537523377311, 0.26232278583387947, 0.2608484532046207, 0.2591192298072864, 0.25733138170558334, 0.25530348408978054, 0.25351701148421113, 0.2516501606375232, 0.2500637542635631, 0.24821860230000992, 0.2463079643633126, 0.2441691926786116, 0.24227302365997794, 0.24031354824260998, 0.23819131688782025, 0.23677257442389354, 0.23475674138384584, 0.23260837848182447, 0.2306793341507185, 0.22868526031477598, 0.22656998780068438, 0.22510052615024034, 0.22311637330618694, 0.22094948882511734, 0.2190243283898552, 0.2170285301457131, 0.21492325385666367, 0.21347490136985892, 0.2115352068476628, 0.2094582920281196, 0.20743305828729852, 0.2054559891750407, 0.20339760705218035, 0.20133082262219215, 0.199816371160233, 0.19778763122063614, 0.1957334017899659, 0.19379924247314717, 0.19177633547427797, 0.1897395722379458, 0.18826189365543644, 0.18630877750688835, 0.18422612054763698, 0.18221568312015712, 0.18035249342412962, 0.17844032704300572, 0.17697079717915454, 0.1751469057031385, 0.17326600321376784, 0.17132448289486346, 0.16945007993746097, 0.16774007403097535, 0.16601009628086638, 0.1645566427323497, 0.16292590180183586, 0.1612057881085205, 0.15944869209425816, 0.15787609434669836, 0.15632501569895485, 0.15496583708644873, 0.15329366140126588, 0.15181751693404966, 0.15024134797481103, 0.14861260518667097, 0.14723651867437626, 0.1461647837145974, 0.1446078897553993, 0.1432370162832708, 0.1417996899861773, 0.1403053607667848, 0.13902598646514663, 0.13777153683822152, 0.13666890910496443, 0.135420316361351, 0.13411001734488226, 0.1327982985506737, 0.13160420939778428, 0.1304915834077769, 0.12955663303930443, 0.12828042050844202, 0.127172280006832, 0.12603326109106305, 0.12493118377010504, 0.12401545236565004, 0.12305457806888187, 0.12222357378366411, 0.1212866599088619, 0.12029311241486262, 0.11925499280801555, 0.11834000066240913, 0.11758382921800425, 0.11692261455809039, 0.11605494315264364, 0.11531705934697545, 0.11453639578690167, 0.11358681504523849, 0.11286017844874818, 0.11218474103497078, 0.11162132092729093, 0.11087983059687723, 0.11018128721601572, 0.1094335637600169, 0.10869478628583451, 0.10811260393209926, 0.10767582296519057, 0.10686033584214605, 0.10609425483926183, 0.10546469564548522, 0.10481855967392484, 0.10409908502823084, 0.1034855919764821, 0.1030143550589599, 0.10225023000340339, 0.10148787967667605, 0.1007879223093866, 0.1000221143617197, 0.09928122769381487, 0.09866952619203007, 0.09809096618559887, 0.09726211249050376, 0.09653329659131682, 0.09575759560953578, 0.0948415774042477, 0.09403366681419445, 0.09329706317146025, 0.09232341729004112, 0.09133817220349782, 0.09036722055638657, 0.08928959209996562, 0.0881812858277431, 0.08711407533533448, 0.08606423546819754, 0.0846886431100661, 0.08334777956102064, 0.08195857857338393, 0.0804824160738765, 0.07897121086048799, 0.0776532726597452, 0.07598689114245982, 0.07415696862161852, 0.07234165200682104, 0.07049449260409117, 0.06852387300915551, 0.06644899675576381, 0.06449962330337568, 0.06220649272776493, 0.059789694829637696, 0.057398614875829715, 0.0549652406207456, 0.052340587648317775, 0.049606128760658875, 0.046878643985852265, 0.04391735802875886, 0.04082661665370595, 0.03763197488426635, 0.03436155339167445, 0.0309850945717339, 0.02758164467771191, 0.023993605448759323, 0.020187582387206103, 0.016161011210768034, 0.012178433679664823, 0.0080699085238786, 0.0037305067808331423, -0.0006284814799314385, -0.005249510177383408, -0.01006146671879994, -0.01500034046806684, -0.020066175161114128, -0.025368921555540578, -0.030685779050939024, -0.0362795965326734, -0.0420731045877311, -0.04811953623359193, -0.054274493468164285, -0.0605462306941939, -0.06703971091322262, -0.07363835356673727, -0.08050661053840229, -0.08763248893618514, -0.09508316587487987, -0.10255803930217201, -0.110174897200949, -0.11798363443132959, -0.1259523951567052, -0.1343402862092883, -0.14295201704415444, -0.15180900573674447, -0.16077232964738283, -0.1698965416197589, -0.1794442268577514, -0.1891547673590495, -0.199091422674623, -0.2092604208388562, -0.2197711420078398, -0.23046287471804153, -0.24133675322223166, -0.2524447230614128, -0.2640140876389705, -0.2758873021478314, -0.2878952714072401, -0.30019123302540096, -0.31270237140605844, -0.32542279182011086, -0.3385049174309351, -0.35204257592480726, -0.36580366662188435, -0.3797461450176054, -0.39409175715730066, -0.4086619177580688, -0.42340614474607735, -0.43848096043268403, -0.4541185924768125, -0.46988698262396383, -0.4859562630252087, -0.5023702352900911, -0.5190493556967453, -0.5360539050993991, -0.5534473224365584, -0.5712469621444095, -0.5893075902307546, -0.6076335511666577, -0.626267418041204, -0.6452500809646172, -0.6645229052464984, -0.6842328238386, -0.7044434550655587, -0.7247714148206433, -0.7454344870979196, -0.7664595270102613, -0.787922270868682, -0.8095970861787403, -0.8315564436406305, -0.854009417824134, -0.8768097221290307, -0.9000097079423603, -0.9234728696491995, -0.9470638428369927, -0.9709414471100057, -0.9953079947522634, -1.0198574680501098, -1.0449679066079276, -1.0705393519515258, -1.0965092266312253, -1.1225651113954078, -1.148972978334063, -1.1758121291787627, -1.2031395484260055, -1.2308006775573501, -1.2584464715914754, -1.2863388671141442, -1.314708491742199, -1.3433966233586612, -1.3726237916875978, -1.402151680985075, -1.431936233616814, -1.4619062543275414, -1.4922205851078467, -1.5227114175740422, -1.5535164676671025, -1.5846266527030892, -1.6161212591359078, -1.647890417736863, -1.6798939263122714, -1.7121956085448617, -1.7448828561281238, -1.7776926612418769, -1.8107675014793199, -1.8440960672865747, -1.8776583706766539, -1.9115027775985032, -1.9457203974218418, -1.980160227107641, -2.0147413053857375, -2.0496259907338077, -2.0848331442519825, -2.1203688854486367, -2.156041786447098, -2.191907887086366, -2.227987246557553, -2.264388701775621, -2.3011445322091735, -2.338079094822398, -2.3753066814917005, -2.4128316582028018, -2.450617190510999, -2.488675803514074, -2.5269814103391464, -2.565591260288872, -2.60456057267898, -2.6435861263824254, -2.6827611539740355, -2.7221187977292973, -2.7616486372312834, -2.8014952292582325, -2.841570582261127, -2.8819011602003006, -2.9224738665895202, -2.963322584648749, -3.0044540805149893, -3.0456946181917846, -3.087179347381198, -3.1289717542133793, -3.171075302964273, -3.213456010888467, -3.256115476017785, -3.299095547043163]
----------------------
