----------------------
:::::::::::::::::::::::::::::::::::::::::::::::::::::::::::::::::::::::::::::::
                                     Date and Time: 2025-03-23T14:38:36.120
:::::::::::::::::::::::::::::::::::::::::::::::::::::::::::::::::::::::::::::::
tunnel boson: T = 0.1, alpha = 0.75, N_chain = 60, maxdim = 100, cutoff = -13, tau = 0.02, jump = 5, boson_dim = 7, omega = 5;
2.192070931194177e-27;
0.037128642187779115;
0.14422968516334975;
0.30962843736575;
0.5172302310096458;
0.7499804183082251;
0.992619358017692;
1.2331879581185894;
1.463378644399729;
1.678141727263306;
1.874968661972267;
2.053139166624108;
2.213087776108308;
2.3559210239560584;
2.4830820552157222;
2.596129139556199;
2.6966047396564554;
2.785964337958524;
2.865539603845702;
2.936523624602452;
2.9999725719565618;
3.056810993098539;
3.1078483197047606;
3.153789257761825;
3.195243644226333;
3.232739628977293;
3.266735792831838;
3.2976310022540893;
3.325772882282892;
3.351463243565143;
3.374967001826713;
3.396518874938919;
3.416321038567108;
3.4345488863076996;
3.4513591004002238;
3.466893136463091;
3.481274728690764;
3.4946116436639283;
3.5069996577907006;
3.51852712004353;
3.5292709654906327;
3.5392990007350416;
3.5486773764049913;
3.5574624881566326;
3.565708210203271;
3.5734497880971055;
3.5807240193870107;
3.587559624832942;
3.593987666152529;
3.6000392516780666;
3.605745440322092;
3.6111350222309095;
3.616229731138675;
3.621054038221046;
3.625632496765973;
3.6299815921904988;
3.6341139499756556;
3.638038141323188;
3.6417646216631483;
3.64530087616568;
3.64866240514092;
3.6518605553220955;
3.654905463970745;
3.657807374572093;
3.6605718638530136;
3.66320415039349;
3.6657150831864675;
3.668119732375745;
3.6704258402655183;
3.6726457473988074;
3.674787483430482;
3.676856214063437;
3.678851935635946;
3.6807818467642215;
3.6826433661744886;
3.6844155612985894;
3.686077887954781;
3.6876607577085814;
3.68925841411145;
3.690902358752993;
3.692461036762235;
3.6937228170098035;
3.6946733397502345;
3.695645481291389;
3.6971093472266374;
3.6991685851507405;
3.7012689677208783;
3.7024937465212773;
3.7023088397308315;
3.7011907437296134;
3.70057336626086;
3.701984616714883;
3.705926198356582;
3.7112573267723463;
3.715571666059557;
3.7164394259789018;
3.7128338898413715;
3.7059586872343697;
3.6989807284787486;
3.695740461001898;
3.6990201395881277;
3.7091486850072983;
3.723564827578879;
3.7375546428964697;
3.7458858641380104;
3.744715611240995;
3.7330729503273528;
3.7134029851672055;
3.691000110786956;
3.6725304568054677;
3.6641215664188422;
3.6695903387804245;
3.6893058182882705;
3.719969230065873;
3.7553267025259296;
3.787594509069133;
3.8092227187557257;
3.81457953154231;
3.8011876417281836;
3.770270765872281;
3.7265377710603134;
3.6772978469755535;
3.631121828939997;
3.596324149289637;
