----------------------
:::::::::::::::::::::::::::::::::::::::::::::::::::::::::::::::::::::::::::::::
                                     Date and Time: 2025-03-26T23:23:00.394
:::::::::::::::::::::::::::::::::::::::::::::::::::::::::::::::::::::::::::::::
local boson: T = 1.0, alpha = 0.25, N_chain = 130, maxdim = 50, cutoff = -13, tau = 0.02, jump = 10, boson_dim = 9, omega = 5;
0.0;
0.012373924951447228;
0.048067740299430076;
0.10318084708819916;
0.17233874969782625;
0.24985462896550648;
0.3306510808976452;
0.4107614166470308;
0.48744248641172255;
0.5590388633057116;
0.6247407525010973;
0.6843307201978762;
0.7379696495988518;
0.7860359124709566;
0.829014179005982;
0.8674237674006099;
0.9017752239240644;
0.9325469472819232;
0.9601738762674292;
0.9850432851120138;
1.0074973819390671;
1.0278341352266167;
1.0463126793606523;
1.0631569330143347;
1.0785611441343408;
1.092692766907926;
1.1056969219235304;
1.1176990813549055;
1.1288074946589113;
1.1391172176390945;
1.1487127507200545;
1.157663649737878;
1.1660328355984166;
1.1738780158786952;
1.1812459758849656;
1.1881812248461123;
1.1947215008260343;
1.2008986323845954;
1.2067435720935111;
1.2122829473755;
1.217540991011499;
1.2225404731985103;
1.2273003662700133;
1.2318381967985037;
1.2361691209396686;
1.2403075924669809;
1.24426735182789;
1.2480599403153956;
1.251696463524209;
1.2551860287926528;
1.2585367785681296;
1.2617565627175402;
1.264853112325901;
1.2678344378688007;
1.2707072236434371;
1.2734773968804949;
1.2761515379678485;
1.2787336584177469;
1.2812270374296761;
1.283634681839641;
1.2859611200409682;
1.2882112353564925;
1.290388363831379;
1.2924965883781978;
1.2945397290776428;
1.2965189289873564;
1.2984369303813363;
1.300296227105579;
1.302098838127782;
1.3038472178508276;
1.305544404540723;
1.307191971051076;
1.3087922871762014;
1.3103468360403048;
1.3118565852101065;
1.3133234308703283;
1.3147495161075926;
1.3161369613098584;
1.3174862066701856;
1.3187984640424897;
1.3200742871798528;
1.321314216251395;
1.3225201265133968;
1.3236943364128464;
1.3248383690519072;
1.325953424636415;
1.3270401265670089;
1.3280992188991794;
1.329130236433329;
1.330133999567841;
1.3311112439132384;
1.332062606425869;
1.3329900178886687;
1.3338937833407885;
1.3347741078610904;
1.335631341600254;
1.336466859658788;
1.3372818703026876;
1.3380778031816924;
1.3388545320393008;
1.3396125016732872;
1.3403518373031977;
1.3410726488011722;
1.3417750284272905;
1.3424594094067066;
1.3431268351053116;
1.3437770871999877;
1.3444114899894093;
1.3450311150607628;
1.345636285837741;
1.3462263918413826;
1.3468008695207507;
1.347359692704875;
1.347904361295595;
1.3484363618545971;
1.3489568792194178;
1.3494663163632747;
1.3499640345985462;
1.3504499210585321;
1.350923669083635;
1.3513857132968905;
1.351837055390454;
1.3522785257012881;
1.3527101561772186;
1.3531319349500597;
1.3535441089497937;
1.3539467912051413;
1.3543402245461884;
1.3547245519092692;
1.3550993511462313;
1.355464695372038;
1.355820805863103;
1.356168190301889;
1.3565070870145064;
1.356838101041402;
1.3571614836327563;
1.3574777397854616;
1.357787313296912;
1.3580904756045054;
1.3583868994526112;
1.3586765963931453;
1.3589598198432518;
1.3592371939227588;
1.359509325496474;
1.3597759929471593;
1.3600367104880193;
1.3602910005079987;
1.3605389845319356;
1.3607815643771572;
1.3610198891787244;
1.361254410494467;
1.361484745529452;
1.3617099646480963;
1.361928950799622;
1.3621411668047303;
1.3623471897169692;
1.3625481937000306;
1.3627451230421022;
1.3629383258344734;
1.363127842676652;
1.3633139059565875;
1.363496704772377;
1.3636761752801698;
1.3638520620885428;
1.3640245205985169;
1.3641940480793389;
1.3643608192919106;
1.3645243231461555;
1.3646841128010023;
1.3648401822311864;
1.364992541525343;
1.3651407730164136;
1.3652847184832924;
