----------------------
:::::::::::::::::::::::::::::::::::::::::::::::::::::::::::::::::::::::::::::::
                                     Date and Time: 2025-03-23T14:38:36.126
:::::::::::::::::::::::::::::::::::::::::::::::::::::::::::::::::::::::::::::::
tunnel boson: T = 0.1, alpha = 0.75, N_chain = 60, maxdim = 100, cutoff = -13, tau = 0.02, jump = 5, boson_dim = 7, omega = 5;
1.2109407160604804e-23;
0.5532860108594122;
2.1080914774625703;
4.388993273917295;
7.045355985380891;
9.750166180459864;
12.26228454803805;
14.442961761452185;
16.240550868254005;
17.66276139687296;
18.75006655433241;
19.556005882430846;
20.135144291037786;
20.53685981800349;
20.802869616856864;
20.966876744233307;
21.05529886243292;
21.088597109761174;
21.082389559298804;
21.048354254989924;
20.995149882204;
20.929231574652796;
20.855304606922974;
20.776860463670822;
20.69645550689612;
20.61590335393909;
20.536372061316484;
20.45881736408663;
20.38376886774496;
20.311474911075088;
20.242149335825797;
20.175928798834384;
20.112867434717423;
20.05297330157582;
19.99603509542198;
19.941928202067544;
19.890686492528538;
19.842277273048055;
19.79651864001627;
19.75315329424229;
19.711966823764335;
19.67302447755446;
19.63624141711422;
19.601540546663106;
19.56899769726548;
19.53845931544501;
19.509512585350492;
19.48167791436549;
19.454938429855154;
19.429359341399767;
19.40508998368844;
19.38198183111323;
19.359953713998554;
19.339053098274736;
19.319379139922933;
19.30088791524411;
19.283359232001374;
19.26659123441342;
19.250451677008996;
19.234827600615144;
19.219726096099695;
19.205212676599693;
19.19136474160829;
19.178157385053133;
19.165434371012225;
19.152953687549612;
19.14075553673542;
19.1290040382545;
19.11782014424004;
19.107306032937522;
19.097478168602056;
19.088246688134237;
19.07948824968539;
19.071528123017508;
19.064570360172898;
19.057396345507584;
19.047953360265726;
19.036957583657877;
19.029761815892655;
19.030139496881155;
19.03228201489295;
19.02310459720139;
18.99738621878884;
18.969518756632546;
18.96515645938314;
18.99566877504209;
19.04005439757112;
19.054853038133317;
19.008081788072023;
18.91099270383247;
18.820399551996687;
18.804808860166382;
18.89604312056088;
19.060145704335664;
19.209000339914912;
19.246578516118724;
19.12305422628253;
18.867433586241773;
18.5811075690468;
18.39516148989957;
18.411749799983724;
18.656092975656087;
19.06016560277999;
19.485095404711615;
19.77184328190716;
19.79868389402248;
19.52455184987332;
19.0049785025602;
18.377088743835962;
17.819412246539535;
17.499279438945223;
17.52399636081622;
17.910619744091626;
18.582705111705884;
19.392643805421635;
20.160101691372727;
20.713994583417108;
20.92773647482089;
20.74214564954736;
20.17434763512779;
19.31353328920308;
18.305114170588695;
17.325156393566537;
16.548290033312398;
