----------------------
:::::::::::::::::::::::::::::::::::::::::::::::::::::::::::::::::::::::::::::::
                                     Date and Time: 2025-03-26T23:23:00.402
:::::::::::::::::::::::::::::::::::::::::::::::::::::::::::::::::::::::::::::::
local boson: T = 1.0, alpha = 0.25, N_chain = 130, maxdim = 50, cutoff = -13, tau = 0.02, jump = 10, boson_dim = 9, omega = 5;
0.0;
0.18468103021762164;
0.7038006969149;
1.4654582527279816;
2.352725858600467;
3.25674392642551;
4.097455640452891;
4.829016656599162;
5.434562233412234;
5.9168632594437325;
6.2894880247838545;
6.570236136551415;
6.777120947165348;
6.926349696219553;
7.031529712679428;
7.103630159667956;
7.151239584886204;
7.180911667293858;
7.197624815887236;
7.205118502788395;
7.206149278263786;
7.202749067536262;
7.196404607951843;
7.18808531300319;
7.178645128487961;
7.168677170467898;
7.158542136130818;
7.148491037195123;
7.138775635577168;
7.129438283536212;
7.120548724265629;
7.11219174130739;
7.104393408056449;
7.097109087665015;
7.0903549255444185;
7.084137625406342;
7.078396302546864;
7.073043658649601;
7.068059869429926;
7.063443408349141;
7.059170169993047;
7.055224611565457;
7.051581193762134;
7.0481843956258245;
7.045021917069084;
7.042094816641283;
7.039409654611076;
7.036959259570136;
7.034700438414422;
7.032619658014663;
7.030646869444165;
7.028746882043983;
7.026961260872077;
7.025226969071351;
7.023601552723607;
7.022121914263783;
7.02075786266556;
7.019476216363027;
7.018247734433132;
7.017040053596507;
7.015843279695355;
7.014692648531584;
7.013616296669486;
7.012585231119232;
7.011592696363303;
7.010637433012121;
7.009705059538653;
7.00876920922631;
7.0078866840655305;
7.00699591132478;
7.006178279805681;
7.0053841032084385;
7.0046101703106265;
7.003856259179335;
7.003107843597148;
7.002374942412902;
7.001693760579417;
7.001058632610503;
7.000431466751109;
6.999841963184435;
6.999259225315721;
6.99863652961355;
6.998006949625855;
6.9974352495988965;
6.996876951050744;
6.996356340060082;
6.9958398649099545;
6.995394628231403;
6.994930131989172;
6.994488712794224;
6.994051831412171;
6.993588669254185;
6.993124626685503;
6.992680185575497;
6.992234552700932;
6.991758830998636;
6.991301745746292;
6.99090208330196;
6.990571188758905;
6.990320576096936;
6.990072229889398;
6.989795218168292;
6.9895238021302255;
6.9891993576019775;
6.9889141474712835;
6.98859379365347;
6.988282741912209;
6.988009048421881;
6.987747671255234;
6.987573673606207;
6.987400617441561;
6.987158324930731;
6.986893548251787;
6.986612428422016;
6.986359892668232;
6.98617216205025;
6.986039286019213;
6.985916537294486;
6.985776573747334;
6.985606832019458;
6.985428065615915;
6.9853414564581815;
6.985254097628086;
6.9851721479817535;
6.985112841438937;
6.985100913833382;
6.9850861367276575;
6.985111073152559;
6.985149094968537;
6.985188123858182;
6.985208432715366;
6.985227775989138;
6.98526792891507;
6.985301773346448;
6.985368535945437;
6.985414927557293;
6.9854304508244285;
6.985450943891322;
6.985565800652745;
6.985668033076228;
6.985726297819236;
6.985792052274975;
6.985960425268445;
6.986050056481992;
6.986143717965559;
6.986253109563287;
6.9862960139419386;
6.9863228415644345;
6.986328221892133;
6.986397257819126;
6.9865204763123945;
6.986685541450469;
6.986877390046107;
6.987012017599044;
6.987086518068369;
6.987083643172287;
6.987101824475786;
6.987076336782265;
6.9871127269468944;
6.9870571083446436;
6.987062374544923;
6.987068260260465;
6.987084217724755;
6.987156352843154;
6.9872642538869245;
6.987386173374564;
6.987584128238545;
6.987773210419032;
6.987919938145926;
6.988078932525305;
6.988138890596454;
6.988207159047171;
6.988143776677699;
