----------------------
:::::::::::::::::::::::::::::::::::::::::::::::::::::::::::::::::::::::::::::::
                                     Date and Time: 2025-03-28T17:01:52.034
:::::::::::::::::::::::::::::::::::::::::::::::::::::::::::::::::::::::::::::::
tunnel boson: T = 0.0, alpha = 0.25, N_chain = 130, maxdim = 100, cutoff = -13, tau = 0.02, jump = 10, boson_dim = 8, omega = 5;
0.0;
0.01237440439753447;
0.048070650809491876;
0.10320009707513593;
0.17240020612166482;
0.24998657673489677;
0.3308715254546042;
0.41106698065086783;
0.48780235231646624;
0.5593936653263402;
0.6250045706533489;
0.6843960406139884;
0.7377133802510141;
0.7853253804705336;
0.8277125518561315;
0.8653945722806446;
0.8988862322418983;
0.9286727881865547;
0.9551978721319002;
0.9788591473480016;
1.0000084945285155;
1.0189546596884749;
1.0359670800918308;
1.0512801206998417;
1.0650972827221739;
1.0775951529657715;
1.088926989270133;
1.099225909426822;
1.108607688113282;
1.1171731852376223;
1.1250104393485185;
1.132196463536146;
1.1387987811323164;
1.1448767357628484;
1.1504826096504248;
1.155662567734626;
1.1604574790467561;
1.1649036011199647;
1.1690331726529741;
1.172874919707415;
1.176454489900963;
1.1797948252693309;
1.1829164839902226;
1.1858379191524935;
1.1885757210276706;
1.1911448293988174;
1.1935587206606562;
1.195829571907597;
1.1979684040032899;
1.1999852062439496;
1.2018890456510407;
1.2036881638380688;
1.2053900635353945;
1.2070015859431649;
1.2085289795262102;
1.209977960647805;
1.211353767008623;
1.2126612049298147;
1.2139046911645044;
1.2150882899794715;
1.2162157459853902;
1.2172905134881553;
1.2183157834389273;
1.2192945080118687;
1.2202294224790018;
1.221123064623659;
1.2219777920115118;
1.2227957973532553;
1.2235791219788736;
1.2243296678687907;
1.2250492089081289;
1.2257394010405112;
1.2264017914406744;
1.2270378273742577;
1.2276488642617251;
1.2282361726870357;
1.228800944148124;
1.2293442965428387;
1.2298672797646406;
1.230370881046496;
1.2308560299480154;
1.2313236025299497;
1.231774424611397;
1.2322092743803772;
1.2326288855092151;
1.2330339504119205;
1.2334251234366955;
1.2338030236039987;
1.2341682365521283;
1.2345213159678887;
1.2348627862532755;
1.2351931456747132;
1.2355128675912903;
1.2358223996084936;
1.2361221635781072;
1.2364125578738063;
1.2366939624700612;
1.2369667448948152;
1.2372312601095552;
1.2374878419138613;
1.2377367982886214;
1.2379784157247862;
1.2382129655754042;
1.2384407105927127;
1.238661911303165;
1.2388768259169902;
1.239085701736686;
1.2392887665731673;
1.2394862293425122;
1.2396782892347349;
1.2398651397372347;
1.2400469644813994;
1.2402239395596348;
1.2403962379406968;
1.2405640212417501;
1.2407274425345913;
1.2408866469883946;
1.2410417754273397;
1.2411929533070811;
1.2413402984233084;
1.2414839466308638;
1.2416240587790428;
1.2417607977351262;
1.2418942899312897;
1.2420246195007092;
1.2421518389768003;
1.2422759909110597;
1.2423971304381203;
1.2425153470408972;
1.2426307794566713;
1.2427436000324397;
1.242853947315082;
1.2429618573917969;
1.2430672919368237;
1.2431702421555473;
1.243270800865957;
1.243369133115412;
1.2434653800189697;
1.2435596222477483;
1.243651908475237;
1.2437422832272829;
1.2438307908475392;
1.2439174696454671;
1.2440023430407914;
1.2440854129388206;
1.2441666684258639;
1.2442461148866575;
1.2443238063216948;
1.2443998442452089;
1.2444743610976303;
1.2445474857712893;
1.2446193209696939;
1.2446899235748294;
1.2447592970052692;
1.244827401568511;
1.2448941849842707;
1.244959606742338;
1.2450236209423236;
1.2450862303275825;
1.2451476060189706;
1.245207996678656;
1.2452672444758257;
1.2453247666971357;
1.2453808350116946;
1.2454372966028924;
1.2454948271321455;
1.2455497291676572;
1.2455980724012892;
1.2456447561127388;
1.2457009752594894;
1.2457660131489772;
1.2458196849735501;
1.2458470316816348;
1.2458677819223871;
1.245922073045105;
1.2460173411258824;
1.2461031842003636;
1.2461194168666576;
1.2460731186624074;
1.2460523591497172;
1.246144077472647;
1.246332048904467;
1.246486892794379;
1.246476438197272;
1.2463019096133174;
1.2461270563380096;
1.246155824249779;
1.2464516566831079;
1.2468539878961769;
1.2470763836836551;
1.2469235095313935;
1.2464627819251595;
1.2460123122247215;
1.2459381895503214;
1.246394000819909;
1.2471842422250758;
1.2478546894439841;
1.2479626707242373;
1.2473630489916367;
1.246331719491756;
1.2454420596152476;
1.2452567413154905;
1.2460051694819592;
1.2474251018256508;
1.2488616164043491;
1.2495787576605717;
1.2491272405348501;
1.247590764807679;
1.2455895555800296;
1.2440259329315309;
1.243685651452919;
1.2448775233344083;
1.247267170726305;
1.2499796722723082;
1.2519322916339537;
1.2522614518035218;
1.2506777264382904;
1.2476097199650833;
1.2440800054940064;
1.241357620479572;
1.2405086580803748;
1.2420073005248797;
1.245545845937654;
1.2501062863712922;
1.2542719052951508;
1.2566779135799715;
1.2564474547506723;
1.253478831837246;
1.2484984798263667;
1.2428664345783516;
1.2381907277151587;
1.2358713842886344;
1.2367030900383704;
1.2406404632185661;
1.2467952748456268;
1.2536565744426464;
1.259478379140328;
1.262717901819435;
1.2624210825599669;
1.258464427357495;
1.251599084469867;
1.2432866359437222;
1.2353699304246897;
1.2296669348329978;
1.2275643580512434;
1.2297087433525253;
1.2358648127361715;
1.2449563852110495;
1.255269205147235;
1.2648063643452725;
1.2716707913559586;
1.2744389595385694;
1.2724299844657283;
1.2658349148289203;
1.2556825940262277;
1.2436595088024387;
1.231809101134523;
1.222178805620079;
