----------------------
:::::::::::::::::::::::::::::::::::::::::::::::::::::::::::::::::::::::::::::::
                                     Date and Time: 2025-03-28T17:01:52.040
:::::::::::::::::::::::::::::::::::::::::::::::::::::::::::::::::::::::::::::::
tunnel boson: T = 0.0, alpha = 0.25, N_chain = 130, maxdim = 100, cutoff = -13, tau = 0.02, jump = 10, boson_dim = 8, omega = 5;
0.0;
0.18436366804031093;
0.702476804866613;
1.4626174886551164;
2.347961029704691;
3.2494947927592683;
4.086796357331615;
4.813579185168099;
5.4126163314716775;
5.88648915749837;
6.248707088463449;
6.517148962033442;
6.7100225193207965;
6.8437831400015074;
6.932324267478079;
6.986884164558262;
7.016297060580519;
7.027371427532758;
7.025281046319559;
7.013916104447241;
6.996177574847725;
6.974212967895276;
6.949601343013277;
6.923494783273423;
6.8967261057203055;
6.869890490415469;
6.84340582208087;
6.817559257058925;
6.792541175088743;
6.768471284460528;
6.74541803923909;
6.723412746187026;
6.702460468740445;
6.682547935065981;
6.663649660165629;
6.64573076113469;
6.628752382493086;
6.6126722011218915;
6.597446672623716;
6.583032002269532;
6.569384874731627;
6.5564631712924735;
6.544226041557684;
6.5326342297715625;
6.521650167463102;
6.5112380083345425;
6.501363653368218;
6.491995066192149;
6.483101941044463;
6.474655784398935;
6.466629930179053;
6.458998984805168;
6.451739412469892;
6.44482887697149;
6.4382465952759445;
6.431973211182824;
6.4259904404596755;
6.420281550659673;
6.414830629139998;
6.409622925933378;
6.404644639003208;
6.399882931986169;
6.395325721264973;
6.390961399619842;
6.386779785768744;
6.382770994102306;
6.378925444134488;
6.375234788778326;
6.371691215087432;
6.368286765521466;
6.365014624749321;
6.361868585611901;
6.3588412034523;
6.355927576772671;
6.3531220190412965;
6.3504188515452;
6.347814031209768;
6.345302427708873;
6.342879451971696;
6.340541788923114;
6.338284566239665;
6.3361048379346645;
6.333999261552384;
6.331963756924493;
6.329996651258096;
6.328094044455194;
6.326253117259096;
6.324471855627792;
6.322746712922815;
6.3210765200699335;
6.319458337820548;
6.317889962768354;
6.316370312251473;
6.314896485237598;
6.3134675495071475;
6.312081052952992;
6.3107350812564915;
6.309428829920712;
6.308160342511194;
6.306929835641931;
6.30573458298842;
6.304573878822298;
6.303445656453091;
6.3023483565374985;
6.3012815638091375;
6.300243948298921;
6.299236211949587;
6.298256772894552;
6.297305371291664;
6.296384674166976;
6.29549461436521;
6.2946403092117915;
6.293814018826191;
6.293026771172482;
6.292258996647767;
6.291518816414112;
6.290783442434193;
6.290070039914738;
6.289368198114938;
6.2886895344346;
6.28802824104595;
6.287375206263934;
6.286749088881561;
6.286143133309237;
6.285549712521733;
6.2849663550988115;
6.284416369521834;
6.283873009304308;
6.283336688754365;
6.282813397290666;
6.282296892924096;
6.281807748448559;
6.281323052255811;
6.280823248589184;
6.2803455103077;
6.279871211458332;
6.27942158760726;
6.278992676342505;
6.278567057989708;
6.278140470483812;
6.277736074989788;
6.27734191635025;
6.276977709063342;
6.276632009520149;
6.2762887575940915;
6.275920959381141;
6.275542130307893;
6.2751729544789105;
6.274816022352535;
6.274480436524092;
6.274165874582335;
6.273843314516921;
6.273534089252586;
6.273235627345741;
6.272946026677197;
6.272651452055371;
6.272369021876175;
6.27209134861313;
6.271803995917686;
6.271517810516426;
6.2712536234401295;
6.271015945283988;
6.27074384602871;
6.270422470012736;
6.2701893172377545;
6.270118613484951;
6.270030081365548;
6.2695594976184825;
6.268899082480315;
6.268842214391409;
6.269566352292804;
6.269881351025878;
6.2685728756288315;
6.266551126350794;
6.266318460983255;
6.2687620742148145;
6.271252070951871;
6.270176272625029;
6.265303099591696;
6.261086811336602;
6.262534376378827;
6.26960470712544;
6.276063680500604;
6.2748062726606335;
6.264933968255085;
6.253741894539658;
6.251323976121751;
6.261706338053617;
6.278433142541218;
6.288588416598915;
6.282509829889046;
6.261873216674313;
6.239744446625812;
6.232125362243932;
6.246745244977896;
6.276848274292706;
6.304463775758164;
6.311159001247381;
6.289745128481255;
6.249556873415292;
6.212110376727834;
6.19937304227725;
6.221419682088104;
6.270138307353452;
6.322544848719935;
6.351939795112271;
6.341022872162998;
6.2908723693572695;
6.221596279905487;
6.1637219181385765;
6.144583017339889;
6.176133992471259;
6.249121568217786;
6.336252788823819;
6.402901190407065;
6.4206656201489505;
6.378742203210426;
6.288636030218751;
6.18044734880961;
6.092485756738216;
6.057639790578731;
6.091532803044725;
6.186724692976855;
6.314863071204812;
6.435810065989393;
6.510524150730238;
6.513381218872268;
6.440113276544839;
6.309306373529536;
6.157126985902458;
6.0267932408663984;
5.956329114911805;
5.967790028447622;
6.061120254967296;
6.214136810792103;
6.388581705068666;
6.540311360447597;
6.630410921161923;
6.634546410631322;
6.548724675178027;
6.3901674847932695;
6.1931676714868455;
6.001251768783093;
5.857502467048066;
5.7949962072791825;
5.82953891597141;
5.956531280168987;
6.15227529814877;
6.37867071191064;
6.591707318652727;
6.749797541552178;
6.821885196562894;
6.792866444064794;
6.665963287266502;
6.462006644133616;
6.215662732131488;
5.969182846179239;
5.765046448221891;
