----------------------
:::::::::::::::::::::::::::::::::::::::::::::::::::::::::::::::::::::::::::::::
                                     Date and Time: 2025-03-28T16:51:24.573
:::::::::::::::::::::::::::::::::::::::::::::::::::::::::::::::::::::::::::::::
tunnel boson: T = 1.0, alpha = 1.25, N_chain = 140, maxdim = 50, cutoff = -13, tau = 0.02, jump = 10, boson_dim = 9, omega = 5;
0.0;
0.9234344366403178;
3.5188395467927367;
7.327580691241875;
11.76549581853717;
16.287468823611086;
20.4913167831171;
24.145516686711296;
27.163825761545446;
29.55902963293132;
31.398546317553347;
32.771635935870094;
33.76919964397003;
34.4733744781811;
34.95348504292114;
35.26557359841088;
35.45374249004321;
35.551843383702604;
35.58546253872383;
35.57390795551535;
35.5315097261257;
35.4687888847603;
35.39363772613024;
35.31175156182107;
35.22708032141037;
35.14241653077372;
35.05971866313568;
34.9802974909492;
34.905013312955376;
34.834374597971504;
34.76860762354769;
34.707755269908944;
34.65173189854981;
34.60041162094998;
34.553609886757236;
34.51103382709625;
34.47250964777354;
34.43783830994595;
34.406649183743546;
34.37868289202537;
34.353597157692725;
34.331200010792855;
34.311288476984;
34.293693573165285;
34.27821612852789;
34.2646998435373;
34.25295152106639;
34.24281236228259;
34.2341257454975;
34.22673451852037;
34.22052675875399;
34.21538872167259;
34.21123915224722;
34.208005191024085;
34.205575242545805;
34.203859264002;
34.20278069921472;
34.20226948808614;
34.2022588961033;
34.20269337755323;
34.20349143601877;
34.20457159614883;
34.205945455895865;
34.20763179759519;
34.209619696668284;
34.21182608936955;
34.214203060103;
34.2165903402347;
34.219046668963344;
34.22159417969131;
34.224234502859645;
34.226918597966566;
34.22962485960049;
34.23233768698718;
34.23499861037934;
34.23756866796432;
34.2400356906608;
34.24242134339239;
34.24475125291114;
34.24702867149926;
34.24921752574218;
34.25126954621914;
34.25317905592945;
34.25497275282482;
34.25665421796704;
34.25821517506686;
34.25967310990923;
34.2610038520554;
34.262169827719255;
34.263179561683835;
34.26403475330164;
34.264742811708956;
34.265307224913;
34.26572216776599;
34.266001672456376;
34.26613207799598;
34.26610673271669;
34.26588369711959;
34.26546401568386;
34.26488974111295;
34.2642095097728;
34.263427502534064;
34.262537245074576;
34.2615550956975;
34.26050817886373;
34.259348541371324;
34.2580678381966;
34.25658469860285;
34.25487796919138;
34.25292070104349;
34.250819449549795;
34.24863879979624;
34.246417120835794;
34.24408989963323;
34.24165387667086;
34.2391649546284;
34.23660955349422;
34.23394884038761;
34.2311907935763;
34.22833767745602;
34.225468690135976;
34.22251921066699;
34.219373668453784;
34.2160520997196;
34.21262973300849;
34.209256582253;
34.20590134468972;
34.20242434202103;
34.198789092947976;
34.19512771284128;
34.19141556708249;
34.18768208145063;
34.183781093653046;
34.1797630368135;
34.175776470026584;
34.17189678549696;
34.16815160154723;
34.16444850248502;
34.16064300284879;
34.15677443274926;
34.15286967846112;
34.14899185604353;
34.14515638389488;
34.141256059402046;
34.13720035894982;
34.133036960688685;
34.128783406787875;
34.12448993167153;
34.12028652576216;
34.11624419097779;
34.112359528630535;
34.10857778114145;
34.104718436892725;
34.10082530630022;
34.09690324223635;
34.09314972135335;
34.089441523798314;
34.08578741833065;
34.08215131148386;
34.07858121070236;
34.07514282747223;
34.07179506403114;
34.06848231159057;
34.065067037711685;
34.061645918932015;
