----------------------
:::::::::::::::::::::::::::::::::::::::::::::::::::::::::::::::::::::::::::::::
                                     Date and Time: 2025-03-28T16:56:34.982
:::::::::::::::::::::::::::::::::::::::::::::::::::::::::::::::::::::::::::::::
tunnel boson: T = 1.0, alpha = 0.25, N_chain = 140, maxdim = 50, cutoff = -13, tau = 0.02, jump = 10, boson_dim = 9, omega = 5;
0.0;
0.012374318618985186;
0.048070314068892284;
0.10319937053575028;
0.1723990056808338;
0.24998489162043488;
0.3308694119020956;
0.4110645349991512;
0.48779967884184894;
0.5593908521371007;
0.6250016779366817;
0.6843930990715049;
0.7377103963436954;
0.7853223430503378;
0.8277094380602514;
0.8653913533636548;
0.8988828749823918;
0.9286692527632304;
0.9551941178366615;
0.9788551341555012;
1.000004187579402;
1.0189500376157565;
1.0359621375274475;
1.051274869401675;
1.0650917538966622;
1.0775893976449156;
1.0889210788693264;
1.0992199260867783;
1.1086017166773092;
1.1171672980014098;
1.1250046880355355;
1.1321908565321182;
1.138793287042151;
1.144871268806129;
1.1504770340533548;
1.1556567013338008;
1.1604510961166477;
1.1648964453986808;
1.1690249661993286;
1.1728653535637474;
1.176443225516117;
1.1797815204222113;
1.1829008230183862;
1.1858196285433966;
1.188554557776919;
1.1911205849423;
1.193531228226491;
1.1957987154848326;
1.1979341191569226;
1.19994747161868;
1.2018478599591613;
1.2036435218742818;
1.2053419474057678;
1.2069499716468786;
1.2084738478891928;
1.209919308199318;
1.2112916192866858;
1.2125956257970911;
1.2138357873284318;
1.2150162143828573;
1.2161406884298183;
1.2172126783292339;
1.2182353687269645;
1.2192117028838336;
1.2201444176568073;
1.2210360575642447;
1.2218889859809179;
1.2227053958843992;
1.2234873230203844;
1.2242366513767517;
1.2249551209007585;
1.2256443524517664;
1.226305881135197;
1.226941168763775;
1.2275515934526644;
1.2281384384421048;
1.2287028920017482;
1.2292460606007574;
1.2297689782550656;
1.2302726148078758;
1.2307578869470608;
1.2312256628097162;
1.2316767636221138;
1.2321119630843598;
1.2325319900782434;
1.232937533602361;
1.2333292497211823;
1.2337077577658888;
1.234073636533037;
1.2344274275971703;
1.2347696431609796;
1.2351007722305412;
1.2354212848775177;
1.2357316322570897;
1.2360322499778749;
1.236323551610315;
1.2366059279853974;
1.2368797397682247;
1.237145326749038;
1.2374030076905824;
1.237653088611504;
1.2378958654766035;
1.2381316256343764;
1.2383606434950793;
1.2385831804719645;
1.2387994834165026;
1.2390097864967096;
1.2392143120418189;
1.2394132725072462;
1.239606880698621;
1.2397953356154028;
1.2399788354862418;
1.2401575610891684;
1.240331683636026;
1.240501365163177;
1.2406667604178472;
1.240828018085036;
1.2409852798750247;
1.2411386783534486;
1.2412883408849436;
1.2414343916716504;
1.2415769665548624;
1.241716196179053;
1.2418522067895614;
1.2419851156158461;
1.2421150313341975;
1.2422420560161047;
1.2423662876149115;
1.242487820971362;
1.2426067508702772;
1.2427231697789585;
1.242837169170323;
1.24294883830321;
1.2430582607174299;
1.2431655200046243;
1.2432707000068508;
1.2433738833664458;
1.243475143667397;
1.2435745466591022;
1.2436721508950384;
1.2437680169475012;
1.2438622058501096;
1.2439547765594365;
1.2440457879087776;
1.2441352968230075;
1.2442233614220717;
1.2443100390289108;
1.2443953886628298;
1.2444794660698775;
1.244562324595921;
1.2446440158994394;
1.2447245906761712;
1.2448040968780312;
1.244882577833931;
1.244960074671307;
1.2450366293357953;
1.2451122867094058;
1.2451870887433123;
1.2452610815164515;
1.2453343092476403;
1.2454068132841927;
1.2454786294583509;
1.2455497874749437;
1.2456203127898746;
1.2456902300334407;
1.245759563073203;
1.245828340013404;
1.2458966001460197;
1.2459643816767687;
1.2460316937082525;
1.24609852970359;
1.2461649811467788;
1.246231222486551;
1.2462971730097328;
1.2463623647959052;
1.2464267949697325;
1.246491733623493;
1.2465580346147906;
1.246623348844235;
1.2466843333481126;
1.2467437668042693;
1.246810244840912;
1.246884569362351;
1.2469519132280509;
1.2469998216231026;
1.2470428407404286;
1.2471123512291475;
1.2472132082921572;
1.2473041552317383;
1.2473401076324064;
1.2473343671020105;
1.2473610574567526;
1.2474793700098126;
1.2476560556165524;
1.2477788074552154;
1.2477632060740025;
1.247651950908327;
1.247599387665469;
1.2477393171169353;
1.248049896313887;
1.2483439439993125;
1.2484090952992948;
1.248190703590743;
1.247864785528996;
1.2477291982248784;
1.2479840136474782;
1.2485624732589655;
1.2491438034085462;
1.2493531370150361;
1.2490207083916829;
1.248324512193176;
1.2477120797331112;
1.247638978470672;
