----------------------
:::::::::::::::::::::::::::::::::::::::::::::::::::::::::::::::::::::::::::::::
                                     Date and Time: 2025-03-28T16:51:24.568
:::::::::::::::::::::::::::::::::::::::::::::::::::::::::::::::::::::::::::::::
tunnel boson: T = 1.0, alpha = 1.25, N_chain = 140, maxdim = 50, cutoff = -13, tau = 0.02, jump = 10, boson_dim = 9, omega = 5;
0.0;
0.061871593095151264;
0.24035157050119316;
0.5159968529498415;
0.8619950280520624;
1.2499244580940188;
1.6543470601684613;
2.0553226770268678;
2.438998399073841;
2.796954270592624;
3.1250084137592036;
3.4219655492670524;
3.6885520900603774;
3.9266119276079476;
4.138547578866079;
4.326957409561838;
4.494417578345926;
4.643354771561559;
4.775983390814318;
4.894291714893956;
5.000038275378457;
5.094766780118327;
5.179826835309694;
5.256390912560288;
5.3254767815401705;
5.387967761996842;
5.444630282329897;
5.496130147650025;
5.543046320643497;
5.5858832583426485;
5.625081110828843;
5.6610246894452025;
5.694051127838104;
5.724456689577029;
5.752502078732535;
5.778414308544749;
5.802403457347698;
5.8246502854132025;
5.845307893660416;
5.864526104606041;
5.882427238578032;
5.899127128187206;
5.914728777860742;
5.929324957159462;
5.94299879963738;
5.955826122319783;
5.967873005077417;
5.979200837089922;
5.989864596685994;
5.999914564287274;
6.009396593670318;
6.018351142660883;
6.026817350244859;
6.034828049547297;
6.042415106518663;
6.049608104800941;
6.056432806748412;
6.062913263896289;
6.0690727435116365;
6.074931436171849;
6.080508096136681;
6.085820729344498;
6.090885747430858;
6.095718559943105;
6.100333361416278;
6.104743247126457;
6.108960950888228;
6.112997952552011;
6.116865520798869;
6.120574399842042;
6.124134843027115;
6.127554910287753;
6.130843272465601;
6.13400822662784;
6.1370575499575875;
6.139998744663206;
6.142839436701786;
6.145586755185749;
6.148247771890277;
6.150828730693362;
6.153335676449523;
6.155774487691012;
6.1581506846872145;
6.160469921127605;
6.162737288801904;
6.16495734431579;
6.1671351421788945;
6.169275535953159;
6.171382676676223;
6.173461010917661;
6.175514654520928;
6.177547728556198;
6.17956425372728;
6.181567973025825;
6.183562726908617;
6.185551698333578;
6.187538181220519;
6.189526083173042;
6.191518567195845;
6.193519037817595;
6.195530541144639;
6.197555882593424;
6.199597159514771;
6.201656507459308;
6.203736462321408;
6.205839335614558;
6.207967366635;
6.210122996907477;
6.212308863752386;
6.214527112314692;
6.216779799113077;
6.2190693245854485;
6.221396776770777;
6.223763496183945;
6.226171880013233;
6.228623439685703;
6.231118484846321;
6.2336589977361;
6.2362453973670995;
6.2388776836202595;
6.2415569827634085;
6.244284342512393;
6.247060628038208;
6.249886489504876;
6.2527628068404795;
6.255690310394749;
6.258669310410264;
6.261699622989051;
6.264782619210676;
6.267919566858882;
6.271108581441312;
6.274350221208955;
6.277645254704407;
6.280992658252346;
6.284393288562441;
6.287847430823443;
6.29135311020272;
6.294910090197376;
6.298517418031165;
6.302173662485192;
6.30587935417764;
6.309633752484315;
6.313435509524822;
6.3172853816500165;
6.321181874357661;
6.325124505307652;
6.329112085031458;
6.333146143866065;
6.337224626628944;
6.341347409776222;
6.345512589871592;
6.3497203595118945;
6.353968181849792;
6.358258220133591;
6.362589029972738;
6.366958858524882;
6.371366708066211;
6.375809761538651;
6.3802911151181405;
6.3848056581472905;
6.389352956392046;
6.39392975858455;
6.3985416427637345;
6.4031798161144025;
6.407845856064051;
