----------------------
:::::::::::::::::::::::::::::::::::::::::::::::::::::::::::::::::::::::::::::::
                                     Date and Time: 2025-03-28T16:56:34.988
:::::::::::::::::::::::::::::::::::::::::::::::::::::::::::::::::::::::::::::::
tunnel boson: T = 1.0, alpha = 0.25, N_chain = 140, maxdim = 50, cutoff = -13, tau = 0.02, jump = 10, boson_dim = 9, omega = 5;
0.0;
0.18468688731802607;
0.7037679079314868;
1.4655161380695172;
2.3530991755390502;
3.25749383414442;
4.098263716413027;
4.829104707237392;
5.432769141416606;
5.911815308940277;
6.279727876989137;
6.554359507333737;
6.7538904590585265;
6.894747598203768;
6.990794827434325;
7.053239608739818;
7.09088450142768;
7.110505746696432;
7.1172445888744775;
7.114958653463272;
7.1065166321674464;
7.094034669145406;
7.079060975608004;
7.062717943518319;
7.045809845320058;
7.02890440298301;
7.012393779983529;
6.996540600731426;
6.981512011402721;
6.967405781961872;
6.954270177964502;
6.942116234559097;
6.930931574395357;
6.920686532622136;
6.911340445738878;
6.902845589992923;
6.89515041628452;
6.888203003991532;
6.88195122158141;
6.8763431505306265;
6.871327548886466;
6.866856618006683;
6.862886367152255;
6.859374992120915;
6.8562830586135926;
6.853573003880421;
6.851210410879068;
6.849163705793892;
6.8474041119036;
6.8459049387382995;
6.844641107027979;
6.843588465813363;
6.842724316645436;
6.842028600488142;
6.841483136709455;
6.8410718021979395;
6.84078018474593;
6.840595461671843;
6.840505741727748;
6.8405013480186785;
6.840573095304032;
6.840711931771394;
6.840908582729791;
6.841155004715603;
6.841444726826537;
6.8417721731180094;
6.842132452017897;
6.8425209281036805;
6.842933678174491;
6.84336677249961;
6.843815495362104;
6.844275559635035;
6.844744263327069;
6.845220323667283;
6.845702808745413;
6.846190371646846;
6.84668132253109;
6.847173735364034;
6.847666110959906;
6.848156946201634;
6.848645128196302;
6.849129892930488;
6.84961038316902;
6.850086062166305;
6.850556491488563;
6.851021023079454;
6.851479691509148;
6.851932425812532;
6.852378928095927;
6.852818320059399;
6.853250456930961;
6.853674745332047;
6.854091329018612;
6.854500390395538;
6.854902252810849;
6.855297195628715;
6.855685585417713;
6.85606747654903;
6.856442528396855;
6.856810438888111;
6.857170810828625;
6.857523798455478;
6.8578697786326135;
6.85820892701595;
6.8585413445420915;
6.858867168828342;
6.859186293209835;
6.859498541842527;
6.859803730904476;
6.8601022886888146;
6.860394572242539;
6.860680977023291;
6.860961716480843;
6.861239566948465;
6.861518502430126;
6.861797508619557;
6.862078929983494;
6.862363038428956;
6.862634634289703;
6.862906866455023;
6.863177141133562;
6.863441637868144;
6.863691168541193;
6.863938217754012;
6.864194684823602;
6.864444633015875;
6.864693644352416;
6.864931157364219;
6.865161817358077;
6.865397307459139;
6.865638574729524;
6.865869830312423;
6.866086819776042;
6.866300194206833;
6.866509134503877;
6.866717604149366;
6.866928800271305;
6.867135486011136;
6.8673300815840586;
6.867511990074831;
6.867689767142957;
6.867872086398509;
6.868059419798351;
6.868238546121017;
6.868406066531637;
6.868576879408922;
6.8687414437055185;
6.868908323159577;
6.8690733026030975;
6.869235207934118;
6.869389876396832;
6.869535500952878;
6.869668618316868;
6.869792415841432;
6.869911889232655;
6.870035503525851;
6.870157750094119;
6.870273911995964;
6.870393620553493;
6.870502003641858;
6.870602903050407;
6.8707131261951275;
6.870820063574591;
6.870915244002833;
6.87099848901598;
6.871072098735734;
6.8711347793053;
6.8712037850954575;
6.87129453087541;
6.871394434242965;
6.87149417305612;
6.871586774245298;
6.871682032158274;
6.871772373020198;
6.871839339789241;
6.871851340226005;
6.871885234742663;
6.872045564856162;
6.872205152930807;
6.872087536861427;
6.87177084648254;
6.871865325591941;
6.872592931166834;
6.873092093151353;
6.872359187402417;
6.871042382968066;
6.871124779166738;
6.873274095433516;
6.875270127694478;
6.874259239928374;
6.870492807266984;
6.867915089124325;
6.8701897783813335;
6.876160110563131;
6.88009215004181;
6.877073798683359;
6.868504010219679;
6.861819700645213;
6.864132490709012;
6.875309821209086;
6.886982330653194;
6.888835510786751;
6.877335707250115;
6.859591059881316;
6.848849653490695;
6.854782898776693;
6.875714734590528;
6.89863688283425;
6.907398136751589;
6.893741486101575;
6.86367646791281;
6.834744643210127;
6.825681006567461;
