----------------------
:::::::::::::::::::::::::::::::::::::::::::::::::::::::::::::::::::::::::::::::
                                     Date and Time: 2025-03-28T19:28:29.332
:::::::::::::::::::::::::::::::::::::::::::::::::::::::::::::::::::::::::::::::
tunnel boson: T = 0.0, alpha = 1.25, N_chain = 130, maxdim = 100, cutoff = -13, tau = 0.02, jump = 10, boson_dim = 8, omega = 5;
0.0;
0.9218183402501818;
3.5123840099213677;
7.313087397409677;
11.739805087830254;
16.24747372320589;
20.433980285362182;
24.06788988922682;
27.06306411572517;
29.43240548364186;
31.24345772165222;
32.58561304455057;
33.54990977386103;
34.21863100963597;
34.66136911632272;
34.93411791713933;
35.081059313454546;
35.13625321250117;
35.12551593817469;
35.06831459621728;
34.97934152161464;
34.869371030003556;
34.74617050649459;
34.615475788537296;
34.48139812844097;
34.34695000937465;
34.21425913343967;
34.0847587676231;
33.95942320723946;
33.838825626721814;
33.72329884370758;
33.61305318982038;
33.508160045312216;
33.40841046640903;
33.313957542825335;
33.22447582730596;
33.13971293436662;
33.05932355541509;
32.98312726372926;
32.91091822063828;
32.84250737355528;
32.7777649268473;
32.716581278233285;
32.65865951584854;
32.603692059433364;
32.551497743827014;
32.50193063905099;
32.454964640858975;
32.41043085231183;
32.368115609697796;
32.32790423889442;
32.28970017628575;
32.25341388685804;
32.218937707781194;
32.186029924057046;
32.154584432704524;
32.12444462842988;
32.09567505562228;
32.0683089158288;
32.04234766891586;
32.01754430405314;
31.99386771997628;
31.971176718208127;
31.949441030042806;
31.92857674741795;
31.90855369780339;
31.889259334103855;
31.870767391310395;
31.8530305537792;
31.83600064592426;
31.819649963356326;
31.80388153189709;
31.788646874832004;
31.77390353236453;
31.75963951917467;
31.7459764822893;
31.7327231485138;
31.72015990703072;
31.708059497745317;
31.696525081459193;
31.685366722643302;
31.6745922707831;
31.664140540544835;
31.654082481924256;
31.644282938930118;
31.634909509174037;
31.625686650793504;
31.61687401599493;
31.608105418041383;
31.59969710235172;
31.591376134660642;
31.583517082313264;
31.575943436492125;
31.568694494766262;
31.562112902559583;
31.555730289837342;
31.549704653543152;
31.542755253566988;
31.53634115049725;
31.529672235346588;
31.523566644008476;
31.517361809679763;
31.51161854860935;
31.506373839892447;
31.501953599219334;
31.498213541086876;
31.494078776013183;
31.489991330833156;
31.486106536286123;
31.48315393834445;
31.480393222597215;
31.47687174845006;
31.47195404095514;
31.466598568881686;
31.460952904243356;
31.45647807936041;
31.45321332338125;
31.45058174813373;
31.447698505489868;
31.44490066900957;
31.44228161830854;
31.43824853477181;
31.433127811249562;
31.42734271341235;
31.422495129178287;
31.420582693631694;
31.420814382877857;
31.421818957911327;
31.42274615868788;
31.424187743046055;
31.425795721738048;
31.427077261872398;
31.424786303446666;
31.41870478256125;
31.410622618945133;
31.403031501476278;
31.39860271265252;
31.397435385587627;
31.397406458907277;
31.397411373324353;
31.395790530886913;
31.393961047860046;
31.392386091364095;
31.390215224643477;
31.386081107438194;
31.380268974501057;
31.373365143303182;
31.367556492069696;
31.363458135682457;
31.361519865146924;
31.361671692552896;
31.363469453908273;
31.365711842825085;
31.368897050341907;
31.372175971505236;
31.375181886626834;
31.377343982674923;
31.37927667653657;
31.38021367894789;
31.37911990545411;
31.37621573372195;
31.37498980113144;
31.37635562418894;
31.375494308219032;
31.369030165028363;
31.360971623013008;
31.359586926219308;
31.36531577928475;
31.366037803403103;
31.35150472029278;
