----------------------
:::::::::::::::::::::::::::::::::::::::::::::::::::::::::::::::::::::::::::::::
                                     Date and Time: 2025-03-28T19:28:29.323
:::::::::::::::::::::::::::::::::::::::::::::::::::::::::::::::::::::::::::::::
tunnel boson: T = 0.0, alpha = 1.25, N_chain = 130, maxdim = 100, cutoff = -13, tau = 0.02, jump = 10, boson_dim = 8, omega = 5;
0.0;
0.06187202198793929;
0.2403532540134229;
0.5160004853998426;
0.862001031318104;
1.249932885437438;
1.6543576294354503;
2.0553349056331527;
2.4390117675150944;
2.796968346766027;
3.125022908292603;
3.421980323650156;
3.688567126789907;
3.926627392479566;
4.138565942199873;
4.326978915845036;
4.494439100007571;
4.643372721366946;
4.775996452378074;
4.8943002366360835;
5.000045410683201;
5.094775040890194;
5.179836228103305;
5.256400713665098;
5.32548572551069;
5.387974188904583;
5.4446323860814925;
5.496126082192301;
5.543034389100735;
5.585861538133882;
5.625047411833148;
5.660977109473144;
5.693988119480195;
5.724372902117612;
5.752404773735264;
5.77830446540427;
5.802277681073731;
5.824502914615734;
5.84514266138867;
5.8643438556466565;
5.882232814326153;
5.898923009974551;
5.914519162461992;
5.929114076472266;
5.942789939572161;
5.955622468506447;
5.967678948177409;
5.9790193705909;
5.989700856660515;
5.999772092621034;
6.0092771876749795;
6.018259657939379;
6.026757415510106;
6.034804066232708;
6.0424304736509225;
6.049664801039362;
6.056534118949226;
6.063062742395687;
6.0692724378921765;
6.075183168783717;
6.080813900602334;
6.086181903130349;
6.091303322101694;
6.0961929640221815;
6.100864370444543;
6.105330314871743;
6.109602273413373;
6.113690873443714;
6.117606936122788;
6.121360130873459;
6.124958711137429;
6.128410582259975;
6.131723485081903;
6.13490446725964;
6.1379605615288995;
6.140898281121155;
6.143723388136576;
6.14644136250939;
6.149057824583113;
6.1515776976016046;
6.154005673043028;
6.156345833444095;
6.158601650802711;
6.160777597091943;
6.162878337547586;
6.164907652842597;
6.166866560888335;
6.168756420276041;
6.170581660148758;
6.172346849866513;
6.1740550252862;
6.1757095860220215;
6.177315704725386;
6.178876492903775;
6.1803896632402155;
6.181849689659693;
6.183253642900277;
6.184604625699729;
6.185909602849588;
6.187175461421674;
6.18840594190873;
6.1896043814871735;
6.190776218196567;
6.19192697337748;
6.193057306235356;
6.1941618065865365;
6.1952347103698004;
6.196276548383952;
6.1972938052680036;
6.198288233492951;
6.199248210461414;
6.200154654167545;
6.200998161303544;
6.201791041402668;
6.202560033306525;
6.203327881776603;
6.204099789314488;
6.204865426991843;
6.205614302112367;
6.206341840348977;
6.207040236253539;
6.207696899921836;
6.208309977953709;
6.208905805179822;
6.20953105879463;
6.2102218105941205;
6.210979798892483;
6.211775754897268;
6.212577538059195;
6.213368219424959;
6.214124392562988;
6.214795837101631;
6.215330796372584;
6.215725647215385;
6.216038742189905;
6.216349331394032;
6.216712273816326;
6.217139829953739;
6.2176029792995715;
6.2180552136966964;
6.218466796943473;
6.218837241734347;
6.2191730700527375;
6.2194662428439065;
6.219702505180117;
6.219890202007198;
6.220070929085965;
6.2202961248057465;
6.2206016706346245;
6.221005320768032;
6.221510021218676;
6.2221004249247045;
6.222750190819268;
6.223435331722313;
6.224132295525334;
6.224812433430369;
6.225452072323149;
6.226036599123094;
6.226546044293897;
6.226959615638783;
6.227291850458632;
6.227589834718198;
6.227860520257754;
6.228038790126102;
6.228082731304015;
6.22807384111258;
6.228138495816352;
6.228256742801287;
6.2282355355230115;
6.2279464802296145;
