----------------------
:::::::::::::::::::::::::::::::::::::::::::::::::::::::::::::::::::::::::::::::
                                     Date and Time: 2024-10-30T14:36:51.666
:::::::::::::::::::::::::::::::::::::::::::::::::::::::::::::::::::::::::::::::
Unbiased boson: T = 5, alpha = 0.1, N_chain = 80, maxdim = 10, cutoff = -11, tau = 0.01;
0.001241452098565965;
0.00491232962596122;
0.010914431783137779;
0.019165327956760514;
0.02943245030234687;
0.041386014462130305;
0.054929602063102934;
0.06970063527705905;
0.08541061900746438;
0.10199379258418739;
0.11906352792681596;
0.13643059855639184;
0.1540349713822775;
0.1714913438788379;
0.1890151598037959;
0.2061533532003168;
0.22320774133993693;
0.23971030272762484;
0.25613137199878566;
0.2717708636686966;
0.28725452154004794;
0.3020011462388072;
0.3166189481684789;
0.33064756041067955;
0.34416107954621245;
0.35746619406584745;
0.370088521684353;
0.38260114725640304;
0.3946449548359321;
0.4063650993673673;
0.41741197404132624;
0.42844068965031123;
0.4389268471987531;
0.4493022924369483;
0.45939400180755596;
0.4689317021885353;
0.4784690803878444;
0.4877448162708131;
0.4967072508555992;
0.505252700679415;
0.5135897468493966;
0.5222201081359623;
0.5300580619936324;
0.537917761521095;
0.5453475130047791;
0.552923399838201;
0.5602054321250105;
0.5671083358973761;
0.5742953061753098;
0.5807554315538921;
0.5872206473505753;
0.5933362778606233;
0.5996575077735211;
0.6056518145715062;
0.6112540751504192;
0.6168944613185734;
0.622484878639612;
0.6277453606995733;
0.6326848711407651;
0.6375667248775043;
0.6426322417725228;
0.6471671352389907;
0.6516269222515275;
0.6558515991162139;
0.6602399807508208;
0.664106681481702;
0.6679656554610669;
0.6720073646878655;
0.6755180097686164;
0.6789319309353226;
0.6821507085548739;
0.6855876581849107;
0.6885281922078546;
0.691361016332076;
0.6940147029781407;
0.6967829656773783;
0.6993007950955171;
0.7015951091823291;
0.7040240864026881;
0.7060511856068485;
0.7079837103726727;
0.7097665442461487;
0.711634962576313;
0.7131552398170204;
0.7145647502908026;
0.7158433568444922;
0.7171719684116;
0.7181710283663545;
0.7190829063725874;
0.7198840208007123;
0.7207377530878412;
0.7212677322314676;
0.7216668969908802;
0.7221371630436735;
0.7223490381499942;
0.7224945963230086;
0.7225049592068301;
0.7225454640163922;
0.7222706048965727;
0.7218832736440945;
0.7214110645311569;
0.7209279834045881;
0.720156561376737;
0.7192338723887914;
0.7181917863938344;
0.7172152906729443;
0.7159450969644441;
0.7145771384861589;
Date and Time: 2024-10-30T22:54:04.612
Output: Unbiased boson: T = 5, alpha = 0.1, N_chain = 80, maxdim = 10, cutoff = -11, tau = 0.01
[0.0, 0.001241452098565965, 0.00491232962596122, 0.010914431783137779, 0.019165327956760514, 0.02943245030234687, 0.041386014462130305, 0.054929602063102934, 0.06970063527705905, 0.08541061900746438, 0.10199379258418739, 0.11906352792681596, 0.13643059855639184, 0.1540349713822775, 0.1714913438788379, 0.1890151598037959, 0.2061533532003168, 0.22320774133993693, 0.23971030272762484, 0.25613137199878566, 0.2717708636686966, 0.28725452154004794, 0.3020011462388072, 0.3166189481684789, 0.33064756041067955, 0.34416107954621245, 0.35746619406584745, 0.370088521684353, 0.38260114725640304, 0.3946449548359321, 0.4063650993673673, 0.41741197404132624, 0.42844068965031123, 0.4389268471987531, 0.4493022924369483, 0.45939400180755596, 0.4689317021885353, 0.4784690803878444, 0.4877448162708131, 0.4967072508555992, 0.505252700679415, 0.5135897468493966, 0.5222201081359623, 0.5300580619936324, 0.537917761521095, 0.5453475130047791, 0.552923399838201, 0.5602054321250105, 0.5671083358973761, 0.5742953061753098, 0.5807554315538921, 0.5872206473505753, 0.5933362778606233, 0.5996575077735211, 0.6056518145715062, 0.6112540751504192, 0.6168944613185734, 0.622484878639612, 0.6277453606995733, 0.6326848711407651, 0.6375667248775043, 0.6426322417725228, 0.6471671352389907, 0.6516269222515275, 0.6558515991162139, 0.6602399807508208, 0.664106681481702, 0.6679656554610669, 0.6720073646878655, 0.6755180097686164, 0.6789319309353226, 0.6821507085548739, 0.6855876581849107, 0.6885281922078546, 0.691361016332076, 0.6940147029781407, 0.6967829656773783, 0.6993007950955171, 0.7015951091823291, 0.7040240864026881, 0.7060511856068485, 0.7079837103726727, 0.7097665442461487, 0.711634962576313, 0.7131552398170204, 0.7145647502908026, 0.7158433568444922, 0.7171719684116, 0.7181710283663545, 0.7190829063725874, 0.7198840208007123, 0.7207377530878412, 0.7212677322314676, 0.7216668969908802, 0.7221371630436735, 0.7223490381499942, 0.7224945963230086, 0.7225049592068301, 0.7225454640163922, 0.7222706048965727, 0.7218832736440945, 0.7214110645311569, 0.7209279834045881, 0.720156561376737, 0.7192338723887914, 0.7181917863938344, 0.7172152906729443, 0.7159450969644441, 0.7145771384861589]
----------------------
