----------------------
:::::::::::::::::::::::::::::::::::::::::::::::::::::::::::::::::::::::::::::::
                                     Date and Time: 2024-10-22T20:01:49.755
:::::::::::::::::::::::::::::::::::::::::::::::::::::::::::::::::::::::::::::::
Indep boson: T = 0.1, alpha = 0.1, N_chain = 150, maxdim = 1000, cutoff = -7, tau = 0.01;
0.018379567196715137;
0.07263370110884618;
0.16019547719103452;
0.27706187570925755;
0.41816066470433155;
0.5777831989654826;
0.7500243380101477;
0.9291778437807525;
1.1100506704412727;
1.2881779061366232;
1.4599373243711873;
1.6225755954623533;
1.7741658306999397;
1.9135186644800757;
2.0400676713463914;
2.1537462006170633;
2.2548680479111485;
2.3440198800195886;
2.421969515558128;
2.4895913395674483;
2.5478082120229484;
2.5975481377076632;
2.6397134517027663;
2.675160160191328;
2.704685231918842;
2.7290198892949835;
2.7488272835696663;
2.764703239714148;
2.7771790521936865;
2.7867255541403795;
2.7937578899778632;
2.798640571871338;
2.8016925433431714;
2.803192042525653;
2.8033811639971993;
2.8024700358841743;
2.8006405978001987;
2.7980499718427203;
2.794833453084797;
2.791107142432585;
2.786970266864244;
2.782507225205617;
2.777789393582698;
2.7728767350183388;
2.767819235775506;
2.76265820071981;
2.75742742555696;
2.7521542601659488;
2.7468605805374104;
2.7415636660996596;
2.7362769985720665;
2.7310109778981326;
2.725773558940491;
2.7205708135669493;
2.7154074163459607;
2.7102870584083756;
2.7052127919510944;
2.700187309031494;
2.6952131618406416;
2.6902929259574146;
2.6854293160145994;
2.680625258899072;
2.6758839276998203;
2.6712087504356745;
2.666603389923779;
2.6620717068018926;
2.657617710193262;
2.6532454978393787;
2.648959191237518;
2.644762870525015;
2.640660510290088;
2.6366559175631488;
2.63275267538802;
2.628954094884781;
2.6252631710155105;
2.62168254853695;
2.6182144922067527;
2.61486087201868;
2.611623144780359;
2.6085023517090713;
2.6054991190783676;
2.60261366134231;
2.5998457947063383;
2.5971949510665358;
2.594660195418857;
2.592240249612039;
2.5899335132985275;
2.58773809029111;
2.5856518148069836;
2.5836722788043955;
2.581796857562373;
2.5800227375684153;
2.5783469434156716;
2.5767663611766247;
2.575277766658036;
2.573877844748706;
2.5725632154139557;
2.5713304511284276;
2.5701760992538345;
2.56909669747258;
2.5680887913771953;
2.567148949402704;
2.5662737741922745;
2.5654599178539264;
2.5647040897989335;
2.564003067012245;
2.5633537005734706;
2.5627529253613592;
2.562197762037521;
2.561685323789088;
2.5612128203767344;
2.5607775594295994;
2.5603769483139143;
2.5600084972424337;
2.5596698190014995;
2.559358627475003;
2.5590727394135504;
2.558810072421351;
2.5585686444409776;
2.5583465710432254;
2.558142063988472;
2.5579534300460853;
2.5577790664380915;
2.5576174611320264;
2.557467189206723;
2.5573269080069836;
2.557195357419911;
2.557071355674295;
2.5569537966240534;
2.556841646509435;
2.5567339418169825;
2.5566297860407574;
2.5565283459272976;
2.5564288506552533;
2.556330587465685;
2.556232900013385;
2.556135184111524;
2.556036887136882;
2.5559375048334108;
2.555836577398211;
2.5557336892909417;
2.55562846618039;
2.555520570956723;
2.555409704359818;
2.5552956011277916;
2.5551780285881596;
2.5550567835776516;
2.554931692598346;
2.554802607295;
2.554669406498238;
2.554531990602662;
2.5543902813546198;
2.5542442217539763;
2.5540937728874074;
2.553938912803069;
2.5537796355635063;
2.553615949494317;
2.5534478773016405;
2.5532754522407917;
2.553098719700817;
2.5529177344343483;
2.5527325607812292;
2.552543270732227;
2.552349943979102;
2.5521526655575206;
2.5519515267128576;
