----------------------
:::::::::::::::::::::::::::::::::::::::::::::::::::::::::::::::::::::::::::::::
                                     Date and Time: 2025-02-10T17:12:04.836
:::::::::::::::::::::::::::::::::::::::::::::::::::::::::::::::::::::::::::::::
tunnel boson: T = 1, alpha = 0.75, N_chain = 160, maxdim = 80, cutoff = -11, tau = 0.002, jump = 10, boson_dim = 14, omega = 5;
9.255987564464473e-21;
1.0056776464157568e-10;
0.6674666522547563;
2.3103695321180835;
4.646685090055164;
7.324223547098463;
10.022551783901571;
12.510616610563284;
14.6592973888012;
16.454801931928454;
17.855397823689028;
18.92733670354271;
19.72465068268411;
20.301528067441296;
20.705527848441527;
20.97978289362942;
21.155760426368307;
21.259262571637148;
21.31012520696281;
21.323385443657337;
21.309696893237316;
21.278908950298728;
21.23627770464821;
21.186347635498652;
21.13179761815546;
21.076431161713895;
21.02097645198699;
20.96659855436532;
20.913563033960536;
20.889064058229586;
20.843997271091087;
20.80168633108216;
20.76179538265984;
20.725165325391547;
20.69113430618836;
20.659606457572295;
20.630206941966225;
20.603375438283948;
20.5785916884656;
20.55572242513187;
20.53448225313754;
20.515098333690368;
20.49721006885169;
20.480704585188295;
20.491410655619035;
20.478992921989434;
20.467627383267693;
20.457143756473506;
20.447636252179166;
20.43890181687952;
20.430867150456045;
20.423424964212302;
20.4166014251509;
20.410277330187558;
20.404369141536478;
20.39890190127307;
20.393782037657044;
20.41402932706928;
20.410616037186244;
20.407419782422906;
20.40441016253805;
20.401549084570178;
20.398834130859143;
20.396226772681167;
20.393700887891463;
20.391254496031436;
20.388861519677295;
20.386505033206838;
20.38418318207064;
20.381879631409802;
20.404249817125546;
20.40272352903368;
20.40117500455406;
20.399596274337657;
20.39798204325252;
20.39632991903203;
20.394636055862577;
20.39289813914813;
20.391115366034605;
20.389286514081284;
20.38741130132947;
20.385490146375716;
20.38352353198424;
20.381512463349143;
20.404159068769946;
20.402557590207813;
20.40089648156666;
20.399177442146367;
20.397402349350486;
20.395573278690943;
20.393692433649335;
20.39176213851845;
20.389784811856718;
20.387762927836683;
20.385699007713047;
20.38359559867675;
20.38145525312833;
20.379280511385446;
20.401521234156455;
20.399594524159166;
20.397625122579925;
20.395615582813935;
20.393568437698395;
20.391486169015227;
20.38937124779062;
20.387226083207015;
20.385053032864192;
20.382854407834337;
20.38063246413526;
20.378389388527463;
20.37612730862383;
20.37384828226284;
20.39565339691172;
20.393534017554103;
20.391391546191887;
20.38922801134691;
20.38704537247253;
20.38484554828881;
20.382630397627825;
20.380401717101474;
20.3781612443617;
20.375910702642912;
20.3736517384053;
20.37138597297138;
20.369115030486025;
20.366840496128162;
20.3645639447924;
20.3622869427026;
20.383924777017363;
20.152480866517923;
19.91674309830129;
20.013842328419457;
20.00123147083866;
20.28620909896768;
20.7121556907827;
20.619630616005427;
20.48968187459232;
20.479466016135323;
20.42003778185485;
20.1798444469608;
20.19611276769669;
20.349048399120377;
20.40672409945664;
20.272247252312482;
20.434323469849282;
20.57687137291143;
20.65873860382073;
20.682101489450226;
20.583169859171758;
20.502830613515115;
20.560667604656857;
Date and Time: 2025-02-10T17:43:36.664
Output: tunnel boson: T = 1, alpha = 0.75, N_chain = 160, maxdim = 80, cutoff = -11, tau = 0.002, jump = 10, boson_dim = 14, omega = 5
Any[9.255987564464473e-21, 1.0056776464157568e-10, 0.6674666522547563, 2.3103695321180835, 4.646685090055164, 7.324223547098463, 10.022551783901571, 12.510616610563284, 14.6592973888012, 16.454801931928454, 17.855397823689028, 18.92733670354271, 19.72465068268411, 20.301528067441296, 20.705527848441527, 20.97978289362942, 21.155760426368307, 21.259262571637148, 21.31012520696281, 21.323385443657337, 21.309696893237316, 21.278908950298728, 21.23627770464821, 21.186347635498652, 21.13179761815546, 21.076431161713895, 21.02097645198699, 20.96659855436532, 20.913563033960536, 20.889064058229586, 20.843997271091087, 20.80168633108216, 20.76179538265984, 20.725165325391547, 20.69113430618836, 20.659606457572295, 20.630206941966225, 20.603375438283948, 20.5785916884656, 20.55572242513187, 20.53448225313754, 20.515098333690368, 20.49721006885169, 20.480704585188295, 20.491410655619035, 20.478992921989434, 20.467627383267693, 20.457143756473506, 20.447636252179166, 20.43890181687952, 20.430867150456045, 20.423424964212302, 20.4166014251509, 20.410277330187558, 20.404369141536478, 20.39890190127307, 20.393782037657044, 20.41402932706928, 20.410616037186244, 20.407419782422906, 20.40441016253805, 20.401549084570178, 20.398834130859143, 20.396226772681167, 20.393700887891463, 20.391254496031436, 20.388861519677295, 20.386505033206838, 20.38418318207064, 20.381879631409802, 20.404249817125546, 20.40272352903368, 20.40117500455406, 20.399596274337657, 20.39798204325252, 20.39632991903203, 20.394636055862577, 20.39289813914813, 20.391115366034605, 20.389286514081284, 20.38741130132947, 20.385490146375716, 20.38352353198424, 20.381512463349143, 20.404159068769946, 20.402557590207813, 20.40089648156666, 20.399177442146367, 20.397402349350486, 20.395573278690943, 20.393692433649335, 20.39176213851845, 20.389784811856718, 20.387762927836683, 20.385699007713047, 20.38359559867675, 20.38145525312833, 20.379280511385446, 20.401521234156455, 20.399594524159166, 20.397625122579925, 20.395615582813935, 20.393568437698395, 20.391486169015227, 20.38937124779062, 20.387226083207015, 20.385053032864192, 20.382854407834337, 20.38063246413526, 20.378389388527463, 20.37612730862383, 20.37384828226284, 20.39565339691172, 20.393534017554103, 20.391391546191887, 20.38922801134691, 20.38704537247253, 20.38484554828881, 20.382630397627825, 20.380401717101474, 20.3781612443617, 20.375910702642912, 20.3736517384053, 20.37138597297138, 20.369115030486025, 20.366840496128162, 20.3645639447924, 20.3622869427026, 20.383924777017363, 20.152480866517923, 19.91674309830129, 20.013842328419457, 20.00123147083866, 20.28620909896768, 20.7121556907827, 20.619630616005427, 20.48968187459232, 20.479466016135323, 20.42003778185485, 20.1798444469608, 20.19611276769669, 20.349048399120377, 20.40672409945664, 20.272247252312482, 20.434323469849282, 20.57687137291143, 20.65873860382073, 20.682101489450226, 20.583169859171758, 20.502830613515115, 20.560667604656857]
----------------------
