----------------------
:::::::::::::::::::::::::::::::::::::::::::::::::::::::::::::::::::::::::::::::
                                     Date and Time: 2025-03-01T18:08:56.462
:::::::::::::::::::::::::::::::::::::::::::::::::::::::::::::::::::::::::::::::
tunnel boson: T = 0.1, alpha = 0.25, N_chain = 100, maxdim = 80, cutoff = -11, tau = 0.001, jump = 20, boson_dim = 12, omega = 5;
8.01029933533911e-21;
1.3929595114705267e-12;
0.20296112155389698;
0.735801821059938;
1.5051223518371277;
2.3937355107330682;
3.2937006105139184;
4.126312171858811;
4.846942918948276;
5.4395991625520725;
5.907602444092696;
6.264773337238013;
6.529141610590486;
6.7188071803453235;
6.85010023512311;
6.936774891194741;
6.989917018162722;
7.0183052002682045;
7.0286228942730125;
7.025976070524819;
7.014186683643742;
6.996156017175653;
6.97397486819143;
6.9492012773514436;
6.922962219593481;
6.896100355447919;
6.8691865103920815;
6.842633278314932;
6.816720308916619;
6.791645617864362;
6.767521252330224;
6.744412971925365;
6.722359619432757;
6.701361886228284;
6.681405637334428;
6.662470153675041;
6.644518501450207;
6.627511769400814;
6.611407323622368;
6.596162502221327;
6.581732299262995;
6.568072799311997;
6.555141759616591;
6.542897414604494;
6.531299973430651;
6.520311657668059;
6.509896236194325;
6.500019508733576;
6.490649222968327;
6.481754896052775;
6.473307891859647;
6.46528132386238;
6.457649958914907;
6.450390154093292;
6.443479774486988;
6.436898106503065;
6.430625783481201;
6.424644693648993;
6.418937908096026;
6.413489607130366;
6.408285007771347;
6.403310291608611;
6.398552542061765;
6.393999685431751;
6.389640432403308;
6.3854642216820015;
6.381461173872615;
6.377622038798955;
6.373938153767691;
6.370401404195007;
6.367004183913768;
6.363739363920463;
6.360600256953685;
6.357580584043854;
6.354674449648458;
6.3518763209556965;
6.349181006218729;
6.346583621154064;
6.3440795743161695;
6.341664549020541;
6.33933449426106;
6.337085609455764;
6.334914332959268;
6.332817355659291;
6.330791609241064;
6.328834267426043;
6.326942746956619;
6.325114698440842;
6.323348005921108;
6.321640778944497;
6.31999135524703;
6.318398301287582;
6.317329923129085;
6.317557013230947;
6.318749161634387;
6.2146362039658385;
6.070509773905584;
6.09826289707944;
6.1364240505734795;
6.142241613146903;
6.237662120404017;
6.201118921758914;
6.165680002295117;
6.130294842404545;
6.126322827818091;
6.197310962532198;
6.411723889561754;
6.397477154386081;
6.669033797093234;
6.659686900897834;
6.4484970147125935;
6.545492847506344;
6.6628112489780325;
