----------------------
:::::::::::::::::::::::::::::::::::::::::::::::::::::::::::::::::::::::::::::::
                                     Date and Time: 2025-03-01T18:08:56.462
:::::::::::::::::::::::::::::::::::::::::::::::::::::::::::::::::::::::::::::::
tunnel boson: T = 0.1, alpha = 0.25, N_chain = 100, maxdim = 80, cutoff = -11, tau = 0.001, jump = 20, boson_dim = 12, omega = 5;
2.0918449589280383e-10;
3.127009698866494e-5;
0.013630300568602854;
0.05041030974585817;
0.10638018645358763;
0.1761327986561803;
0.2539942218005933;
0.3349237359523263;
0.4149948051510388;
0.49149639510800563;
0.5627933913979041;
0.628085180667275;
0.6871565171639552;
0.7401671104617042;
0.7874934767242849;
0.8296194321115521;
0.8670652214703998;
0.9003446268949883;
0.9299410787588381;
0.9562960369694895;
0.9798049237665137;
1.0008174636627125;
1.0196404072037897;
1.0365413926327847;
1.0517531917924514;
1.0654779172923234;
1.0778909666724699;
1.0891445967115703;
1.0993710960774048;
1.10868556044112;
1.1171882977963568;
1.1249668985392256;
1.132098009097955;
1.1386488494158624;
1.1446785057731772;
1.150239034520251;
1.155376402146969;
1.1601312892456033;
1.1645397768141892;
1.1686339334910338;
1.1724423213906727;
1.1759904290454195;
1.1793010460760254;
1.1823945874951134;
1.1852893735330197;
1.1880018735239486;
1.1905469184333768;
1.1929378865042202;
1.1951868648829902;
1.1973047927565337;
1.199301585294845;
1.2011862437758716;
1.2029669536975043;
1.2046511682888956;
1.206245685579418;
1.207756714584733;
1.2091899353373874;
1.2105505512569055;
1.2118433354205103;
1.2130726730089758;
1.2142425982971874;
1.2153568279434541;
1.216418789950393;
1.217431650366145;
1.21839833779921;
1.2193215639634962;
1.2202038428129998;
1.2210475076902256;
1.2218547278256522;
1.222627520245277;
1.2233677645133556;
1.2240772126771409;
1.2247575002630995;
1.2254101550967464;
1.2260366062805477;
1.226638191655251;
1.2272161645501012;
1.2277717004952469;
1.2283059029729255;
1.2288198090664915;
1.229314392566853;
1.2297905711834245;
1.2302492083716232;
1.2306911180355913;
1.2311170678001426;
1.2315277817429366;
1.2319239436589597;
1.2323062000169034;
1.2326751615480953;
1.2330314062107601;
1.2333754812036584;
1.233707904240284;
1.2340305567457435;
1.2343468737305052;
1.234645544722334;
1.2343223228987386;
1.2335362039447193;
1.2338723440277706;
1.23371152457243;
1.2339790632155363;
1.2348580825345612;
1.2344179170471656;
1.2347956044415236;
1.2351142593418758;
1.2357437234936375;
1.2369555341257064;
1.2387057054515735;
1.23895823744909;
1.2410636595569664;
1.2412620951576612;
1.2401746122121056;
1.2410837101526917;
1.2417831662149537;
