----------------------
:::::::::::::::::::::::::::::::::::::::::::::::::::::::::::::::::::::::::::::::
                                     Date and Time: 2025-02-10T17:12:04.835
:::::::::::::::::::::::::::::::::::::::::::::::::::::::::::::::::::::::::::::::
tunnel boson: T = 1, alpha = 0.75, N_chain = 160, maxdim = 80, cutoff = -11, tau = 0.002, jump = 10, boson_dim = 14, omega = 5;
-1.5734394870880753e-10;
0.00037502139792946316;
0.04482376429483656;
0.15836060616513828;
0.3287224150148531;
0.5395713620062367;
0.7739269563738549;
1.0168090727018446;
1.2566180764840855;
1.4853920607818982;
1.698367160186902;
1.8932432588280996;
2.0694426595536233;
2.227485782410144;
2.3685244744524363;
2.494019954338646;
2.605535007635483;
2.7046086290408367;
2.792686519019119;
2.871087573641152;
2.94099246592658;
3.003445080657642;
3.05936086448405;
3.109538435730957;
3.1546722725901035;
3.195365249740921;
3.2321403864538683;
3.2654515093704264;
3.2956927386521366;
3.323206212901304;
3.3482916837673846;
3.371209318782723;
3.3921873071618567;
3.411425898038437;
3.4291012985157012;
3.4453689932531573;
3.4603665517773847;
3.4742160078557043;
3.487025884104446;
3.4988929052295275;
3.5099034610388062;
3.5201348552992746;
3.5296563810367365;
3.5385302438774042;
3.546811748843059;
3.5545524240775355;
3.5617970531347853;
3.5685865555212506;
3.574957887692708;
3.5809444565772064;
3.586576493798658;
3.5918813849619604;
3.5968839614579156;
3.6016067651208363;
3.606070279189978;
3.6102931402755485;
3.6142923228796113;
3.618082711955473;
3.6216796035130843;
3.625095352732267;
3.6283417894317496;
3.631429760034772;
3.634369218861515;
3.6371693177545126;
3.639838481080982;
3.6423844747659357;
3.6448144682235033;
3.6471350888350416;
3.6493524726095568;
3.651472306074996;
3.6534992862315216;
3.655439471064102;
3.657296862531289;
3.659075718668298;
3.66078001333787;
3.662413458444197;
3.6639795255635046;
3.6654814674731613;
3.6669223332315326;
3.668304984561657;
3.669632109855978;
3.670906239320762;
3.672129752725333;
3.6733048947163245;
3.674433195208073;
3.6755178122401215;
3.6765600599011736;
3.6775617225796013;
3.678524489445574;
3.679449960682206;
3.6803396507107613;
3.6811949977415326;
3.6820173663249425;
3.6828080510387466;
3.68356828340833;
3.684299232914364;
3.6850020131214976;
3.6856776837212872;
3.68632667201778;
3.68695109341923;
3.687551291584923;
3.6881281404924184;
3.6886824734679884;
3.68921508696132;
3.6897267411323176;
3.6902181619716186;
3.6906900441002555;
3.6911430510000494;
3.691577818010488;
3.6919949532194707;
3.6923950378444834;
3.692778629081224;
3.6931456884844014;
3.6934978691004243;
3.693835092747026;
3.694157830339096;
3.6944665326237143;
3.6947616335781457;
3.695043549785443;
3.695312677733939;
3.6955694036297824;
3.695814095489376;
3.6960471073159975;
3.6962687798533462;
3.696479440649476;
3.696679403735934;
3.696868973412044;
3.6970484402808537;
3.6973664148113663;
3.6961819130847373;
3.694761690075027;
3.6951843409930554;
3.695373437707646;
3.6978211727512327;
3.701318202707647;
3.701276697606342;
3.700930746372221;
3.7011305670729575;
3.700296766213168;
3.69910864533066;
3.700222738394754;
3.7018456421965618;
3.7021590057396456;
3.7018544795626287;
3.702751384987736;
3.703512517546288;
3.7039016212185563;
3.704195987007214;
3.703880265726499;
3.7036878022160344;
3.7040135207235982;
Date and Time: 2025-02-10T17:43:36.664
Output: tunnel boson: T = 1, alpha = 0.75, N_chain = 160, maxdim = 80, cutoff = -11, tau = 0.002, jump = 10, boson_dim = 14, omega = 5
Any[-1.5734394870880753e-10, 0.00037502139792946316, 0.04482376429483656, 0.15836060616513828, 0.3287224150148531, 0.5395713620062367, 0.7739269563738549, 1.0168090727018446, 1.2566180764840855, 1.4853920607818982, 1.698367160186902, 1.8932432588280996, 2.0694426595536233, 2.227485782410144, 2.3685244744524363, 2.494019954338646, 2.605535007635483, 2.7046086290408367, 2.792686519019119, 2.871087573641152, 2.94099246592658, 3.003445080657642, 3.05936086448405, 3.109538435730957, 3.1546722725901035, 3.195365249740921, 3.2321403864538683, 3.2654515093704264, 3.2956927386521366, 3.323206212901304, 3.3482916837673846, 3.371209318782723, 3.3921873071618567, 3.411425898038437, 3.4291012985157012, 3.4453689932531573, 3.4603665517773847, 3.4742160078557043, 3.487025884104446, 3.4988929052295275, 3.5099034610388062, 3.5201348552992746, 3.5296563810367365, 3.5385302438774042, 3.546811748843059, 3.5545524240775355, 3.5617970531347853, 3.5685865555212506, 3.574957887692708, 3.5809444565772064, 3.586576493798658, 3.5918813849619604, 3.5968839614579156, 3.6016067651208363, 3.606070279189978, 3.6102931402755485, 3.6142923228796113, 3.618082711955473, 3.6216796035130843, 3.625095352732267, 3.6283417894317496, 3.631429760034772, 3.634369218861515, 3.6371693177545126, 3.639838481080982, 3.6423844747659357, 3.6448144682235033, 3.6471350888350416, 3.6493524726095568, 3.651472306074996, 3.6534992862315216, 3.655439471064102, 3.657296862531289, 3.659075718668298, 3.66078001333787, 3.662413458444197, 3.6639795255635046, 3.6654814674731613, 3.6669223332315326, 3.668304984561657, 3.669632109855978, 3.670906239320762, 3.672129752725333, 3.6733048947163245, 3.674433195208073, 3.6755178122401215, 3.6765600599011736, 3.6775617225796013, 3.678524489445574, 3.679449960682206, 3.6803396507107613, 3.6811949977415326, 3.6820173663249425, 3.6828080510387466, 3.68356828340833, 3.684299232914364, 3.6850020131214976, 3.6856776837212872, 3.68632667201778, 3.68695109341923, 3.687551291584923, 3.6881281404924184, 3.6886824734679884, 3.68921508696132, 3.6897267411323176, 3.6902181619716186, 3.6906900441002555, 3.6911430510000494, 3.691577818010488, 3.6919949532194707, 3.6923950378444834, 3.692778629081224, 3.6931456884844014, 3.6934978691004243, 3.693835092747026, 3.694157830339096, 3.6944665326237143, 3.6947616335781457, 3.695043549785443, 3.695312677733939, 3.6955694036297824, 3.695814095489376, 3.6960471073159975, 3.6962687798533462, 3.696479440649476, 3.696679403735934, 3.696868973412044, 3.6970484402808537, 3.6973664148113663, 3.6961819130847373, 3.694761690075027, 3.6951843409930554, 3.695373437707646, 3.6978211727512327, 3.701318202707647, 3.701276697606342, 3.700930746372221, 3.7011305670729575, 3.700296766213168, 3.69910864533066, 3.700222738394754, 3.7018456421965618, 3.7021590057396456, 3.7018544795626287, 3.702751384987736, 3.703512517546288, 3.7039016212185563, 3.704195987007214, 3.703880265726499, 3.7036878022160344, 3.7040135207235982]
----------------------
