----------------------
:::::::::::::::::::::::::::::::::::::::::::::::::::::::::::::::::::::::::::::::
                                     Date and Time: 2025-03-29T17:01:53.141
:::::::::::::::::::::::::::::::::::::::::::::::::::::::::::::::::::::::::::::::
local boson: T = 1.0, alpha = 0.25, N_chain = 180, maxdim = 50, cutoff = -13, tau = 0.002, jump = 10, boson_dim = 8, omega = 5;
0.0;
0.18467583208784383;
0.7036528649142683;
1.465075103336706;
2.352086484225319;
3.2558463287129937;
4.0962783376657015;
4.827500457762644;
5.432627333392662;
5.914445872716258;
6.286505541702382;
6.566601661732491;
6.7727567908647295;
6.921187473546155;
7.025527175826074;
7.096752926422295;
7.143454369883108;
7.172219692389375;
7.188031725675365;
7.194616923071017;
7.194743829970621;
7.190450409939035;
7.183226218645133;
7.174157241967088;
7.164018395650608;
7.153364991927857;
7.142582701226245;
7.131938334810435;
7.121607714598969;
7.11170284878801;
7.102290448733038;
7.093403817956212;
7.085054653271151;
7.077240308811124;
7.06994605014005;
7.063153695781557;
7.056837031918584;
7.050970021279532;
7.04552452370225;
7.040472402664136;
7.035788554072361;
7.031444742529141;
7.027414215351421;
7.023670704799186;
7.020191841657101;
7.01695532181195;
7.013942750670548;
7.01113537516959;
7.008516152075852;
7.006071356383115;
7.00378845672485;
7.001653172942126;
6.999650768965759;
6.9977652766939;
6.995983431235834;
6.994296212363934;
6.992697801110928;
6.991181286844561;
6.989740983837935;
6.9883697844149;
6.987060342948227;
6.985805667408027;
6.984601172384842;
6.983443665424293;
6.9823296325710995;
6.981254715253869;
6.980217429457746;
6.979217118933966;
6.978252239621142;
6.97731668498365;
6.9764058027393645;
6.975517920006193;
6.97465079463746;
6.973802708778225;
6.97297346274261;
6.972162161448774;
6.971366998771984;
6.970588209667073;
6.969830556673095;
6.9690964393023735;
6.968386334036294;
6.967698211014922;
6.967025886101639;
6.966361999878447;
6.965701659199548;
6.965043180651771;
6.96439223597182;
6.963759469950185;
6.963150860568702;
6.962557970218132;
6.961971009639775;
6.961386932154863;
6.96080905809166;
6.960240528962355;
6.959682925546602;
6.959138501495747;
6.958610765746568;
6.958100688364226;
6.957604968288468;
6.957121306255436;
6.956649247700543;
6.95618848575417;
6.955737917625989;
6.955288962691441;
6.954831976688752;
6.954365651152132;
6.95390028636374;
6.9534462560520245;
6.953006948368893;
6.952584124155859;
6.952181828136819;
6.951799642916937;
6.951427529884941;
6.951052792214103;
6.950675585303138;
6.950301953768792;
6.949933018370978;
6.949564063125626;
6.949192986822426;
6.948824134469546;
6.948466088991731;
6.948124670286928;
6.947799823369772;
6.947486531232165;
6.947178169457774;
6.94686965924819;
6.946561631878852;
6.946257833618177;
6.945957854598461;
6.945655757389079;
6.945350878255219;
6.945049477176116;
6.9447573894186645;
6.9444754605031145;
6.944203820605567;
6.943938484737856;
6.9436727486587415;
6.9434047706347926;
6.943141539187785;
6.942887043912503;
6.942633268523548;
6.9423710261943405;
6.942101348226604;
6.941833209442973;
6.941573023862959;
6.941320500926419;
6.941074288050154;
6.940833680849384;
6.940598914394555;
6.940370775367482;
6.940146951359854;
6.939920118567101;
6.939687392598401;
6.9394536784508825;
6.939225810659979;
6.939005108107775;
6.93878471861247;
6.938559484207865;
6.9383296334473075;
6.938100827527718;
6.9378788435810765;
6.937666316263041;
6.9374646247578875;
6.937269124562186;
6.937071646426732;
