----------------------
:::::::::::::::::::::::::::::::::::::::::::::::::::::::::::::::::::::::::::::::
                                     Date and Time: 2025-04-01T07:18:53.056
:::::::::::::::::::::::::::::::::::::::::::::::::::::::::::::::::::::::::::::::
local boson: T = 1.0, alpha = 1.25, N_chain = 180, maxdim = 50, cutoff = -13, tau = 0.002, jump = 10, boson_dim = 8, omega = 5;
0.0;
0.06192881055803499;
0.24124551607976435;
0.5201892801004815;
0.8739021442188412;
1.2754322006223175;
1.6998913648069283;
2.126934728447993;
2.5415907321596016;
2.9339440930907124;
3.2982430099607343;
3.6318567216102142;
3.934322753374336;
4.206579924996805;
4.450399101419905;
4.667985102789167;
4.861711832008471;
5.033954405427081;
5.18698880393753;
5.322936767819117;
5.44374011990259;
5.551153503219887;
5.646748211914556;
5.7319223577281075;
5.8079141717267335;
5.8758166053256575;
5.936591877149587;
5.991085518941732;
6.040039447372301;
6.084104160656244;
6.123849843366575;
6.159776226792817;
6.192321425231056;
6.221869682762097;
6.24875807428478;
6.273282468772292;
6.295702843714829;
6.316247903462254;
6.335119019057106;
6.352493641182491;
6.368528112360288;
6.383360226933335;
6.397111691794916;
6.409890145990901;
6.421790797258535;
6.432897815428606;
6.443285574298718;
6.453019927818661;
6.462159301404214;
6.470755599997831;
6.478855063696076;
6.486498929161459;
6.493724105566242;
6.500563584770637;
6.5070467110014745;
6.513199609773836;
6.5190456476446315;
6.524605992379327;
6.529899967990996;
6.534945174834754;
6.539757664846678;
6.544352035822612;
6.548741586856383;
6.552938518970622;
6.556954103821676;
6.560798729030479;
6.564482021935257;
6.568012955509762;
6.571399986967199;
6.574651124034017;
6.5777738677871485;
6.580775274471576;
6.58366215868927;
6.586441122096786;
6.58911835404984;
6.5916995396210565;
6.594189999001436;
6.596594919672497;
6.598919451413344;
6.601168593551625;
6.603347154069611;
6.605459774247318;
6.607510957647535;
6.609505128993518;
6.6114466051073;
6.613339549433934;
6.615187940906872;
6.616995595356305;
6.618766221050786;
6.620503432447491;
6.622210755515152;
6.6238916167915;
6.625549417901353;
6.627187503635744;
6.628809004565259;
6.630416790946984;
6.632013581838901;
6.633602023998806;
6.6351846763042674;
6.63676396426979;
6.638342332000007;
6.639922374883537;
6.641506782541781;
6.6430982100930525;
6.64469915487262;
6.6463118983844485;
6.647938504678024;
6.649580785789403;
6.65124034151338;
6.652918714061223;
6.654617559210212;
6.656338662834101;
6.658083757577781;
6.659854391711174;
6.661652035550969;
6.663478221126543;
6.665334420210111;
6.667221883994123;
6.669141600087844;
6.6710943759218635;
6.673080858172281;
6.675101534440275;
6.677156932521693;
6.679247793875513;
6.681375056941655;
6.683539702453826;
6.685742580061645;
6.687984319807832;
6.6902652813526355;
6.6925855612044955;
6.6949451207832515;
6.697343918701578;
6.6997819799956675;
6.702259340033768;
6.704776050048305;
6.707332245562888;
6.709928110942736;
6.7125638139776616;
6.71523941306363;
6.717954686902525;
6.7207091368319345;
6.72350215509036;
6.726333169271185;
6.72920174328944;
6.732107579577192;
6.735050446790627;
