----------------------
:::::::::::::::::::::::::::::::::::::::::::::::::::::::::::::::::::::::::::::::
                                     Date and Time: 2025-04-01T07:31:48.362
:::::::::::::::::::::::::::::::::::::::::::::::::::::::::::::::::::::::::::::::
local boson: T = 1.0, alpha = 0.25, N_chain = 180, maxdim = 50, cutoff = -13, tau = 0.002, jump = 10, boson_dim = 8, omega = 5;
0.0;
0.18492371009681752;
0.7073289680448744;
1.4818216362387622;
2.398156231459813;
3.351043939528043;
4.259701426138748;
5.074054160395786;
5.7712382428184785;
6.347908582488587;
6.812400556012774;
7.178647668536662;
7.462204836767347;
7.67799955858348;
7.839270065502975;
7.957223265745526;
8.04106778419254;
8.098228910779163;
8.134616267431879;
8.154903506931245;
8.16276902657597;
8.16109630864572;
8.152140113771585;
8.137660037280686;
8.119030784691056;
8.09732430418818;
8.073377043751918;
8.047839971952103;
8.021216421697648;
7.993896932887203;
7.966189354909101;
7.938334155651711;
7.910513994740143;
7.882865549194081;
7.855492347953024;
7.828472655913323;
7.801865093964104;
7.77571755655333;
7.7500666591457;
7.724936659852316;
7.700345708914501;
7.6762995705648;
7.652791097929282;
7.629811204396918;
7.60735752561251;
7.58543086550231;
7.564027898209281;
7.543142853040527;
7.522770711402238;
7.502900935925763;
7.483520729150064;
7.464616626713537;
7.446172057887951;
7.428173400579724;
7.410610748528301;
7.393473312936035;
7.376750012276423;
7.360432114483928;
7.344512507250144;
7.328984848251402;
7.31383904751642;
7.29906506894428;
7.284649534957673;
7.270577017343676;
7.256836447383694;
7.243422705328952;
7.230329233462987;
7.217549164152918;
7.205071092768051;
7.192886837171468;
7.180995244023123;
7.169398708155084;
7.158094414425681;
7.1470705554116964;
7.136311230935284;
7.125811100428147;
7.115569724746252;
7.105582579674081;
7.095842657057192;
7.086344398334097;
7.07707348728008;
7.068006410620635;
7.059134901790869;
7.050468156961584;
7.042018324958677;
7.033790692356375;
7.0257821283116675;
7.017979308482735;
7.010362370934998;
7.0029198136092425;
6.995652363131811;
6.988564700756151;
6.98165305915178;
6.974913605918012;
6.968343010150255;
6.961934297625551;
6.955679334031821;
6.949581180428139;
6.943651654304499;
6.937894142721196;
6.932298004147123;
6.926844939483973;
6.9215145381498235;
6.916290886375565;
6.911168751302368;
6.906155163953184;
6.901270413127641;
6.896533517302798;
6.891947784718608;
6.887493961921756;
6.883140098120261;
6.878869087363355;
6.874689751539574;
6.870619717055481;
6.866660033593661;
6.8627952408380635;
6.8590141846108015;
6.855317238209835;
6.851713791183418;
6.84821838837148;
6.844843711300282;
6.841589482376154;
6.838436977356473;
6.835359244575095;
6.832332525327132;
6.829347606081303;
6.826413251914424;
6.82353931549676;
6.820729040950635;
6.817988327502805;
6.8153290734449055;
6.812751834897584;
6.810241067475879;
6.807787150953088;
6.805394946576115;
6.8030693313087145;
6.800805700472633;
6.7985954640012345;
6.7964313200068815;
6.794311942489978;
6.792241376224075;
6.790224374258955;
6.78826493460601;
6.786358477389561;
6.784501400667418;
6.782699291316105;
6.780955240888268;
6.77925737342873;
6.777583454855421;
6.775924727202058;
6.774298195197014;
6.772722548339596;
6.771193176680057;
6.769694353660935;
6.768224916519545;
6.766802766379017;
6.765435233812456;
6.764112445286725;
6.762821749753696;
6.76155629369962;
6.760317830133321;
6.759106102246235;
6.757918736688015;
6.756757456697035;
6.755622713953436;
6.75451142953931;
6.753420085789839;
6.752339943213801;
6.751266543682959;
6.750211282314466;
6.749191001613902;
6.748214601093256;
6.74727932522082;
6.746375103625529;
6.745487615231104;
6.744611704569455;
6.743759441703242;
6.742944373555941;
6.742161961805158;
6.741391467199984;
6.740612427441576;
6.7398190497296895;
6.739020673262344;
6.738235692956746;
6.737479954094617;
6.736756528191838;
6.7360612615841475;
6.73539227685672;
6.7347522724542435;
6.734134148454368;
6.733521787560468;
6.732910505056334;
6.732309643410373;
6.731736293241568;
6.731197784692963;
6.730679438732463;
6.730161168486424;
6.7296372871494015;
6.729117955965514;
6.728611376402876;
6.72811664032972;
6.7276283605758955;
6.727146351697247;
6.726674610416289;
6.7262163790230245;
6.725769941397304;
6.725331291989036;
6.724895965134742;
6.724463020612954;
6.7240372095594045;
6.723628878332839;
