----------------------
:::::::::::::::::::::::::::::::::::::::::::::::::::::::::::::::::::::::::::::::
                                     Date and Time: 2025-03-31T02:55:50.895
:::::::::::::::::::::::::::::::::::::::::::::::::::::::::::::::::::::::::::::::
local boson: T = 1.0, alpha = 1.25, N_chain = 180, maxdim = 50, cutoff = -13, tau = 0.001, jump = 20, boson_dim = 9, omega = 5;
0.0;
0.06187612106332695;
0.24034321262596126;
0.515897195733224;
0.8616717362097539;
1.2492345714173358;
1.6531918078566636;
2.053689337258289;
2.4369768216174434;
2.794728130173321;
3.1228286830218734;
3.4201159633836586;
3.6873148421120647;
3.9262388109311903;
4.139239085008298;
4.328850434167291;
4.4975788894589295;
4.647785019183709;
4.781628162312793;
4.90104751469858;
5.007764255177868;
5.103295045681992;
5.18897078763568;
5.265956733418413;
5.335271861767553;
5.397806975424875;
5.4543410534637005;
5.505555702339186;
5.552047790724267;
5.594340591760098;
5.63289359192814;
5.668110797336273;
5.700347779490605;
5.729917634476192;
5.757096257740094;
5.782127251234997;
5.805226083261432;
5.826583503912918;
5.846368607834942;
5.864731611034279;
5.881806039812426;
5.897710431037303;
5.912549998116323;
5.926418393485614;
5.9393993600190464;
5.9515682161540955;
5.962992881593826;
5.973734421844697;
5.9838474993482444;
5.993380942022671;
6.002378369311835;
6.010879068567506;
6.018918872473259;
6.026530630643843;
6.033744198646783;
6.040586445516047;
6.047081699588522;
6.053252272783716;
6.059118705588577;
6.064699632227925;
6.070011910444066;
6.075071091352104;
6.079891717107413;
6.0844874076135085;
6.088870553851822;
6.093052415413749;
6.097043336416959;
6.100853227294942;
6.104491862088448;
6.107968549977288;
6.111291694834085;
6.114468577467123;
6.117506040206404;
6.12041086792272;
6.12318961817952;
6.12584832600117;
6.128392629203617;
6.13082803874547;
6.133159816165749;
6.135392815829265;
6.137531705109756;
6.139581101490315;
6.141545409755053;
6.143428639585497;
6.145234520171326;
6.1469666145451445;
6.148628528016169;
6.150223948268387;
6.151756413718147;
6.153229156091405;
6.154645227367033;
6.156007722174459;
6.157319813004994;
6.158584617268929;
6.159804982392205;
6.160983347895468;
6.162121874516758;
6.163222711162829;
6.164288054450672;
6.165320043451173;
6.166320634565839;
6.167291856373204;
6.1682361473400364;
6.169156124618663;
6.170054085125209;
6.1709321578222465;
6.171792676864873;
6.172637983129952;
6.1734698005716515;
6.174289321041948;
6.175097674314657;
6.175896134908882;
6.176685926078218;
6.177468302127063;
6.178244522419694;
6.179015867238534;
6.179783959359918;
6.180550825603852;
6.181318358973254;
6.182087983113049;
6.1828609290293;
6.183638351773577;
6.184420970068654;
6.185209214887621;
6.186003983966305;
6.186806819699643;
6.1876193022895025;
6.18844259598516;
6.189277529503476;
6.1901247914767;
6.190984792815766;
6.191857680269746;
6.1927438372896555;
