----------------------
:::::::::::::::::::::::::::::::::::::::::::::::::::::::::::::::::::::::::::::::
                                     Date and Time: 2025-04-01T07:18:53.056
:::::::::::::::::::::::::::::::::::::::::::::::::::::::::::::::::::::::::::::::
local boson: T = 1.0, alpha = 1.25, N_chain = 180, maxdim = 50, cutoff = -13, tau = 0.002, jump = 10, boson_dim = 8, omega = 5;
0.0;
0.9246000350929323;
3.53604930402041;
7.403250809530415;
11.963193623825404;
16.67009921426523;
21.098847055859462;
24.983453742270086;
28.204469318247018;
30.75112583467657;
32.67954409242508;
34.07842469076179;
35.045500624707024;
35.67369393961748;
36.04435024097731;
36.22499820707082;
36.26964499643279;
36.22026152784071;
36.108721907834436;
35.958745595736346;
35.78762967225011;
35.607717620040965;
35.42761311200094;
35.25311970903518;
35.087969050771946;
34.934383107046045;
34.79349934815597;
34.665693804350816;
34.5508044022662;
34.4483130309021;
34.357495344419625;
34.27749554092601;
34.20739873135084;
34.14628068287627;
34.09324159462243;
34.04742265843936;
34.00803388971679;
33.9743549644081;
33.94572344569038;
33.92154316776574;
33.901273425336;
33.884423999198724;
33.87056669813995;
33.85933016366379;
33.8503828823332;
33.8434302046283;
33.838201553750295;
33.83446108279481;
33.8320098768901;
33.830670988787325;
33.830289816296016;
33.830722334367955;
33.831851960911045;
33.83358364421264;
33.83583047366681;
33.83851005600035;
33.84153959900704;
33.8448465635235;
33.84837205398228;
33.85206687001307;
33.855892238420935;
33.85981310818738;
33.86379907355663;
33.86781782322785;
33.87184653103108;
33.87586705000588;
33.879860103004745;
33.88380549953524;
33.88768232890592;
33.89147810079571;
33.89517646136919;
33.89875792835382;
33.902213789996146;
33.90555148140745;
33.908773150064825;
33.911866756037504;
33.91480879463086;
33.91758387828385;
33.920188992306024;
33.92262428848451;
33.924886775747595;
33.92697316165824;
33.92888442710594;
33.93062288516438;
33.932188489720765;
33.933583318636494;
33.93480465993134;
33.935849293376464;
33.93671583847422;
33.937403527208424;
33.93791209549153;
33.93824065357422;
33.938394173989465;
33.93838248261795;
33.93820848484685;
33.93786857475391;
33.93736153712341;
33.93668640292507;
33.93584078200474;
33.93481747165346;
33.93361354017096;
33.93223719181959;
33.93070124779174;
33.929019994448005;
33.927202701874386;
33.92525399988204;
33.92317780429861;
33.92097232369251;
33.91863100731917;
33.916146611889715;
33.91352422060836;
33.91077849137648;
33.9079190397558;
33.904944931410824;
33.901856338784405;
33.898666435197015;
33.89538929973946;
33.89203426998236;
33.88860360047686;
33.88509779313329;
33.88151567975327;
33.87784862520011;
33.87409172374772;
33.87025274624822;
33.86634555704881;
33.86238900950823;
33.85839603482273;
33.85437120363788;
33.850314495472425;
33.84622086079631;
33.84208895627414;
33.83791923073521;
33.8337211330463;
33.82949865007636;
33.82525631118073;
33.821000569874094;
33.81673563429108;
33.81247481630319;
33.80823214745483;
33.80401131770007;
33.79980712331346;
33.79561091912238;
33.79141512065431;
33.78722161228465;
33.78303928070358;
33.778883394191446;
