----------------------
:::::::::::::::::::::::::::::::::::::::::::::::::::::::::::::::::::::::::::::::
                                     Date and Time: 2025-04-01T07:31:48.353
:::::::::::::::::::::::::::::::::::::::::::::::::::::::::::::::::::::::::::::::
local boson: T = 1.0, alpha = 0.25, N_chain = 180, maxdim = 50, cutoff = -13, tau = 0.002, jump = 10, boson_dim = 8, omega = 5;
0.0;
0.01238579630142417;
0.04825149983104933;
0.10406307338955756;
0.1749061434652005;
0.2555004670093481;
0.3410234595687473;
0.42758014871573446;
0.5123384925553405;
0.5934419272064724;
0.669818364865954;
0.7409701407087195;
0.8067893224879805;
0.8674138158775277;
0.9231237922328346;
0.9742714197859806;
1.0212355213847149;
1.0643937907319485;
1.1041068538920389;
1.1407100046172753;
1.174509711874291;
1.2057829997772624;
1.2347784712964842;
1.2617182076397675;
1.2868000673059243;
1.3102000960161448;
1.3320748754490217;
1.3525637034462572;
1.3717905799015433;
1.3898660306443869;
1.406888761943173;
1.4229470980676582;
1.438120220884164;
1.4524792565525557;
1.4660882140457123;
1.4790047982327863;
1.4912811617278747;
1.5029645744812843;
1.5140979456240697;
1.5247202544983376;
1.534866939575636;
1.5445701835083732;
1.5538592051445321;
1.5627606676640333;
1.571299065088021;
1.5794969392178548;
1.5873750125248451;
1.5949523695957908;
1.6022465835356194;
1.609273762431585;
1.6160486391438504;
1.622584716727645;
1.628894432842386;
1.6349893136293645;
1.6408800679269053;
1.6465766276241383;
1.6520881968426455;
1.6574233662618145;
1.6625901939047827;
1.6675961938353125;
1.6724483255040772;
1.677153026933554;
1.6817162250756128;
1.6861434064454661;
1.6904397954098271;
1.6946104307673793;
1.698660110219435;
1.7025933447106179;
1.7064143987738225;
1.7101273859516681;
1.7137363014317184;
1.7172449445285904;
1.7206567943915825;
1.7239749479363142;
1.7272022764675168;
1.7303416282293058;
1.7333957897327972;
1.7363673596230824;
1.7392587846048562;
1.7420723653077752;
1.7448101508047826;
1.7474740308423582;
1.7500660682098639;
1.7525885953502875;
1.7550439870365502;
1.7574344513582316;
1.7597619295699443;
1.7620280731724196;
1.7642343710946988;
1.7663823785952015;
1.7684737962020767;
1.7705103208921391;
1.772493518718363;
1.7744248719251128;
1.776305805805442;
1.7781376444848092;
1.779921691731419;
1.7816593973814339;
1.7833522677342335;
1.785001566580251;
1.7866081820421915;
1.7881727221433932;
1.7896957159344522;
1.7911778347996967;
1.792620054096147;
1.794023732036405;
1.79539049143742;
1.7967218902640991;
1.7980190513640009;
1.7992825205635166;
1.8005125323501732;
1.8017095275042199;
1.8028744108380381;
1.8040082913923268;
1.8051120700686623;
1.806186395339477;
1.8072319533396592;
1.8082496473683978;
1.8092405735984396;
1.8102058967493526;
1.8111466497141524;
1.8120634656656665;
1.812956458684453;
1.8138254263146714;
1.8146701874542568;
1.8154909046420675;
1.8162881938604332;
1.8170628786986343;
1.817815793872922;
1.8185478351710311;
1.8192599033237025;
1.8199526441516325;
1.82062639397304;
1.8212814700581474;
1.8219183584280008;
1.8225375585867964;
1.8231394280659476;
1.823724238106779;
1.8242923187233064;
1.8248441485844256;
1.825380310957837;
1.8259014044902295;
1.8264079338662547;
1.8269002463212374;
1.8273786727618644;
1.8278436404562974;
1.8282954958109077;
1.8287342935129807;
1.8291599318114193;
1.8295725818746726;
1.8299728547919465;
1.830361421724491;
1.8307385991438223;
1.8311045037191012;
1.8314594673060438;
1.831804059462918;
1.8321387026336053;
1.8324635078704818;
1.8327784364377917;
1.8330834838510242;
1.8333787583575945;
1.8336643861469208;
1.833940495589296;
1.8342072848786577;
1.8344649843857208;
1.8347138098607458;
1.8349539317248114;
1.8351854687413651;
1.8354086731886627;
1.835624079006102;
1.8358323415321796;
1.8360339391079208;
1.8362290611669807;
1.8364176613161707;
1.8365996144766386;
1.8367749782352099;
1.836944063542443;
1.837107159781455;
1.8372642137840098;
1.837414845561329;
1.8375586902993821;
1.8376957173385622;
1.8378263130830141;
1.8379511417949892;
1.8380708542299669;
1.8381858710798182;
1.838296420252043;
1.8384026768454962;
1.8385047533793768;
1.838602562843771;
1.838695903044344;
1.8387847647609887;
1.838869438892622;
1.8389503306154686;
1.8390276233818004;
1.8391011179044225;
1.839170484618009;
1.839235646767543;
1.839296810577441;
1.8393542131727745;
1.8394079630182247;
1.8394580647904715;
1.8395045474719205;
1.8395475065350662;
1.8395870411345114;
1.8396232148819625;
1.839656071555487;
1.8396856810700144;
1.839712197273406;
1.839735880800035;
1.8397570209539975;
