----------------------
:::::::::::::::::::::::::::::::::::::::::::::::::::::::::::::::::::::::::::::::
                                     Date and Time: 2025-03-31T01:48:57.439
:::::::::::::::::::::::::::::::::::::::::::::::::::::::::::::::::::::::::::::::
local boson: T = 1.0, alpha = 0.25, N_chain = 180, maxdim = 50, cutoff = -13, tau = 0.002, jump = 10, boson_dim = 8, omega = 5;
0.0;
----------------------
:::::::::::::::::::::::::::::::::::::::::::::::::::::::::::::::::::::::::::::::
                                     Date and Time: 2025-03-31T01:52:20.307
:::::::::::::::::::::::::::::::::::::::::::::::::::::::::::::::::::::::::::::::
local boson: T = 1.0, alpha = 0.25, N_chain = 180, maxdim = 50, cutoff = -13, tau = 0.002, jump = 10, boson_dim = 8, omega = 5;
0.0;
0.012373362056002023;
0.048061583598403596;
0.10316482756505073;
0.17231068766681396;
0.2498132814421843;
0.3305949105064352;
0.4106876075079028;
0.48734696703204444;
0.5589166759809392;
0.6245857790625968;
0.6841360219813007;
0.7377278234838047;
0.7857393561697767;
0.8286553098195719;
0.8669951637372507;
0.9012700385173924;
0.9319589238559667;
0.9594973690408155;
0.9842737908567609;
1.0066301786648086;
1.0268651452925943;
1.0452380553965215;
1.0619734854162226;
1.0772655926951433;
1.0912821749168058;
1.104168324121051;
1.1160496518190668;
1.127035102636503;
1.1372193845847969;
1.146685046999734;
1.1555042443531447;
1.1637402371612686;
1.1714486586034574;
1.1786785661891004;
1.1854733367315515;
1.1918714483698458;
1.1979071380224746;
1.2036109413089044;
1.2090101510902862;
1.21412919894681;
1.2189899819405376;
1.2236121622115346;
1.2280134405013523;
1.2322097977395525;
1.2362157007403296;
1.2400442745002498;
----------------------
:::::::::::::::::::::::::::::::::::::::::::::::::::::::::::::::::::::::::::::::
                                     Date and Time: 2025-03-31T01:58:16.343
:::::::::::::::::::::::::::::::::::::::::::::::::::::::::::::::::::::::::::::::
local boson: T = 1.0, alpha = 0.25, N_chain = 180, maxdim = 50, cutoff = -13, tau = 0.002, jump = 10, boson_dim = 8, omega = 5;
0.0;
0.012373400210075111;
0.048061879915768185;
0.1031657772983525;
0.17231279687417428;
0.24981710169457239;
0.3306009787985993;
0.41069639533517616;
0.4873588503410847;
0.5589319444700288;
0.6246046677186078;
0.6841587285200051;
0.737754513069554;
0.7857701627071543;
0.8286903200368171;
0.8670344039840857;
0.9013134879336312;
0.9320065427459928;
0.9595491102508049;
0.9843295986644996;
1.0066899968441676;
1.0269289266261277;
1.0453057604201312;
1.0620450755368491;
1.0773410300393653;
1.0913614240837306;
1.1042513559721958;
1.1161364517578998;
1.1271256832207872;
1.1373137886447022;
1.1467833318930285;
1.1556064673411424;
1.1638464598732654;
1.1715589402386535;
1.1787929311971483;
1.1855917952976445;
1.1919940807143774;
1.1980340994571022;
1.203742350114573;
1.2091459843447576;
1.2142693066423578;
1.2191342095319286;
1.2237604715981352;
1.2281659418238033;
1.2323667060341834;
1.236377233568213;
1.240210501464414;
1.2438781803006413;
1.247390882356632;
1.2507584071312392;
1.253989855349465;
1.2570936099567953;
1.2600773443307265;
1.262948052553875;
1.265712054483128;
1.2683750396877709;
1.2709421676798776;
1.2734181924602912;
1.2758075957182624;
1.2781146693585248;
1.2803434817720722;
1.2824977584328248;
1.2845808769502753;
1.2865959671434946;
1.2885459143268165;
1.2904333635700664;
1.2922608122925658;
1.2940306469811487;
1.2957451184965616;
1.2974064203705398;
1.299016771750409;
1.3005783317558557;
1.302093067593672;
1.3035627387960653;
1.30498891722859;
1.3063730167975802;
1.3077163588143474;
1.3090201955224032;
1.3102856532162914;
1.311513725582007;
1.312705367422655;
1.3138616480061167;
1.3149838411301606;
1.3160733811846759;
1.3171316812353058;
1.3181598667078738;
1.319158718495165;
1.3201289185170695;
1.3210712707244947;
1.3219867000751513;
1.3228761756883374;
1.323740587785277;
1.324580632211925;
1.3253968540579013;
1.326189812651223;
1.3269601195425749;
1.3277083410859218;
1.3284349772531825;
1.3291405814855428;
1.3298258423483578;
1.3304913973876251;
1.331137590446627;
1.3317646207116796;
1.3323728889444275;
1.332962942324681;
1.3335353166173771;
1.33409065485244;
1.3346297556337652;
1.335153341155152;
1.335661895281148;
1.3361557742398638;
1.3366353796583956;
1.3371011677380953;
1.3375534646559484;
1.3379923702598038;
1.3384178298370677;
1.3388297010374817;
1.3392278359667789;
1.3396124381567578;
1.3399842829952813;
1.3403443650613827;
1.3406935026959261;
1.3410322659219245;
1.3413610826364355;
1.3416802728274773;
1.3419899172114715;
1.3422897709974944;
1.3425794790250223;
1.342859005844797;
1.3431288412856297;
1.3433895990268592;
1.34364150821227;
1.3438845663523933;
1.3441189335819448;
1.344344888818689;
1.3445626029744264;
1.3447722687746433;
1.3449742537603528;
1.3451689848860744;
1.345356898753338;
1.3455384454965067;
1.3457139277487264;
1.3458833613761527;
1.3460465230762015;
1.346203100207302;
1.346352918126274;
1.3464961297952351;
1.3466331368896116;
1.3467642983138646;
1.3468897586795097;
1.347009549659722;
1.3471238162916077;
1.3472328248063032;
1.3473367834289331;
1.3474357874216512;
1.3475299000038659;
1.3476192387978154;
1.3477039791129963;
1.347784318341289;
1.3478604412342412;
1.347932514295193;
Date and Time: 2025-03-31T02:31:34.389
Output: local boson: T = 1.0, alpha = 0.25, N_chain = 180, maxdim = 50, cutoff = -13, tau = 0.002, jump = 10, boson_dim = 8, omega = 5
[0.0, 0.012373400210075111, 0.048061879915768185, 0.1031657772983525, 0.17231279687417428, 0.24981710169457239, 0.3306009787985993, 0.41069639533517616, 0.4873588503410847, 0.5589319444700288, 0.6246046677186078, 0.6841587285200051, 0.737754513069554, 0.7857701627071543, 0.8286903200368171, 0.8670344039840857, 0.9013134879336312, 0.9320065427459928, 0.9595491102508049, 0.9843295986644996, 1.0066899968441676, 1.0269289266261277, 1.0453057604201312, 1.0620450755368491, 1.0773410300393653, 1.0913614240837306, 1.1042513559721958, 1.1161364517578998, 1.1271256832207872, 1.1373137886447022, 1.1467833318930285, 1.1556064673411424, 1.1638464598732654, 1.1715589402386535, 1.1787929311971483, 1.1855917952976445, 1.1919940807143774, 1.1980340994571022, 1.203742350114573, 1.2091459843447576, 1.2142693066423578, 1.2191342095319286, 1.2237604715981352, 1.2281659418238033, 1.2323667060341834, 1.236377233568213, 1.240210501464414, 1.2438781803006413, 1.247390882356632, 1.2507584071312392, 1.253989855349465, 1.2570936099567953, 1.2600773443307265, 1.262948052553875, 1.265712054483128, 1.2683750396877709, 1.2709421676798776, 1.2734181924602912, 1.2758075957182624, 1.2781146693585248, 1.2803434817720722, 1.2824977584328248, 1.2845808769502753, 1.2865959671434946, 1.2885459143268165, 1.2904333635700664, 1.2922608122925658, 1.2940306469811487, 1.2957451184965616, 1.2974064203705398, 1.299016771750409, 1.3005783317558557, 1.302093067593672, 1.3035627387960653, 1.30498891722859, 1.3063730167975802, 1.3077163588143474, 1.3090201955224032, 1.3102856532162914, 1.311513725582007, 1.312705367422655, 1.3138616480061167, 1.3149838411301606, 1.3160733811846759, 1.3171316812353058, 1.3181598667078738, 1.319158718495165, 1.3201289185170695, 1.3210712707244947, 1.3219867000751513, 1.3228761756883374, 1.323740587785277, 1.324580632211925, 1.3253968540579013, 1.326189812651223, 1.3269601195425749, 1.3277083410859218, 1.3284349772531825, 1.3291405814855428, 1.3298258423483578, 1.3304913973876251, 1.331137590446627, 1.3317646207116796, 1.3323728889444275, 1.332962942324681, 1.3335353166173771, 1.33409065485244, 1.3346297556337652, 1.335153341155152, 1.335661895281148, 1.3361557742398638, 1.3366353796583956, 1.3371011677380953, 1.3375534646559484, 1.3379923702598038, 1.3384178298370677, 1.3388297010374817, 1.3392278359667789, 1.3396124381567578, 1.3399842829952813, 1.3403443650613827, 1.3406935026959261, 1.3410322659219245, 1.3413610826364355, 1.3416802728274773, 1.3419899172114715, 1.3422897709974944, 1.3425794790250223, 1.342859005844797, 1.3431288412856297, 1.3433895990268592, 1.34364150821227, 1.3438845663523933, 1.3441189335819448, 1.344344888818689, 1.3445626029744264, 1.3447722687746433, 1.3449742537603528, 1.3451689848860744, 1.345356898753338, 1.3455384454965067, 1.3457139277487264, 1.3458833613761527, 1.3460465230762015, 1.346203100207302, 1.346352918126274, 1.3464961297952351, 1.3466331368896116, 1.3467642983138646, 1.3468897586795097, 1.347009549659722, 1.3471238162916077, 1.3472328248063032, 1.3473367834289331, 1.3474357874216512, 1.3475299000038659, 1.3476192387978154, 1.3477039791129963, 1.347784318341289, 1.3478604412342412, 1.347932514295193]
----------------------
----------------------
:::::::::::::::::::::::::::::::::::::::::::::::::::::::::::::::::::::::::::::::
                                     Date and Time: 2025-03-31T02:42:29.828
:::::::::::::::::::::::::::::::::::::::::::::::::::::::::::::::::::::::::::::::
local boson: T = 1.0, alpha = 0.25, N_chain = 180, maxdim = 50, cutoff = -13, tau = 0.001, jump = 20, boson_dim = 8, omega = 5;
0.0;
0.01237522374054476;
0.04806863495350179;
0.10317932141253777;
0.17233386372046225;
0.24984605492328765;
0.3306386298512764;
0.41074451613011714;
0.48742030110710194;
0.5590105508740167;
0.6247050369552052;
0.684286052865782;
0.7379143262113379;
0.7859681010328373;
0.8289319413288927;
0.8673250387526285;
0.9016580993681573;
0.9324096467967051;
0.9600147899593198;
0.98486157564978;
1.0072916745872489;
1.0276033903405233;
1.0460557892325664;
1.0628732014152231;
1.078249605683585;
1.0923526783725086;
1.1053274364514527;
1.1172994570951345;
1.128377677949972;
1.1386567965935317;
1.1482193301386743;
1.1571373878640945;
1.1654741729822036;
1.173285209315495;
1.1806193615210934;
1.1875197779738975;
1.1940246307760438;
1.2001676922151647;
1.2059790164588478;
1.2114855863638656;
1.216711689403913;
1.2216791419863695;
1.226407527875328;
1.230914381036231;
1.235215311944185;
1.2393242469684287;
1.2432537489729136;
1.2470153151768983;
1.2506196165476242;
1.254076560577372;
1.2573953286191508;
1.2605844753422297;
1.263651875799916;
1.266604594591238;
1.2694489470840888;
1.272190693834352;
1.2748351904023245;
1.2773874598320387;
1.2798522359496594;
1.2822339582151188;
1.284536623530848;
1.2867637665317007;
1.2889186144231033;
1.2910041838755333;
1.2930233428467413;
1.2949789148613755;
1.2968737094830776;
1.2987104166722874;
1.3004914628021116;
1.302219073474468;
1.3038954260504563;
1.305522543469187;
1.3071021397822522;
1.3086356365135876;
1.310124310140608;
1.3115696177723302;
1.3129734077280526;
1.314337645430761;
1.3156640812098226;
1.3169542408347032;
1.31820936029156;
1.319430346098086;
1.3206180600252098;
1.32177356097181;
1.3228979588201366;
1.323992192175898;
1.3250570461468405;
1.3260932984938;
1.3271018279546476;
1.3280835118977397;
1.3290390402831416;
1.329968965840853;
1.3308740026223926;
1.331755183866898;
1.3326136570829998;
1.333450373845779;
1.3342659350182065;
1.3350605785010428;
1.3358343627224571;
1.3365874660179389;
1.3373202831830646;
1.3380333490348995;
1.3387271601184525;
1.3394020922556122;
1.3400587269730062;
1.3406981142725547;
1.341321557118155;
1.3419302272043996;
1.3425249579115264;
1.3431061325574531;
1.3436735589777693;
1.3442267461951318;
1.3447655800280782;
1.3452902912317704;
1.3458008344100194;
1.3462971498969203;
1.346779982058567;
1.3472507110399796;
1.3477104818996641;
1.3481597579046092;
1.3485984992835507;
1.3490265036025308;
1.3494435711886859;
1.3498495698208564;
1.3502446142165236;
1.3506292344613466;
1.3510041706319287;
1.3513700314049628;
1.3517272574653136;
1.3520762578436674;
1.3524172793995008;
1.3527500625193332;
1.3530740254360678;
1.3533890443553018;
1.3536957620907448;
1.353994935551006;
1.354286772785827;
1.3545710065602414;
1.3548472331082415;
1.3551152507470072;
1.3553754946962682;
1.3556291084897971;
1.3558772355576092;
1.356120324609667;
1.3563582180273288;
1.3565905109252114;
1.3568167030929932;
1.357036295199558;
1.3572490786012983;
1.3574553655482777;
1.3576557875270787;
1.3578509367048186;
1.3580413860184293;
1.3582278965800951;
1.3584111814169841;
1.3585915403232807;
1.3587688646712737;
1.3589427831693506;
1.3591127460746693;
1.3592781773228002;
1.3594386843483075;
1.3595942562103427;
1.359745308746448;
1.359892341684346;
1.3600356049119784;
1.3601751676942107;
1.360311009773826;
1.3604428615634012;
1.3605703062977623;
1.3606932950193142;
1.3608122768810145;
1.360927813385895;
1.361040403668509;
1.361150541847077;
1.3612585576898084;
1.3613645304760473;
1.3614687113520372;
1.3615717486211305;
1.3616740027951761;
1.3617748863608774;
1.3618732841054695;
1.3619685009660838;
1.3620605098615544;
1.3621495230351999;
1.3622358160701369;
1.3623198285744478;
1.3624019709374644;
1.3624823792230543;
1.3625611295176068;
1.3626384468745079;
1.3627144604058;
1.3627889726819988;
1.3628616400007691;
1.3629322508133521;
1.3630007001126454;
1.3630668594480826;
1.3631306493334931;
1.363192148736502;
1.3632515064115738;
1.3633088037039187;
1.3633640933203817;
1.3634175139742184;
1.3634693515907852;
1.3635200490176502;
1.3635700344437403;
1.3636194464860059;
1.3636682782362572;
1.3637166437292407;
1.3637645128212916;
1.3638114327875965;
1.3638568957084065;
1.3639009211339654;
1.3639440699670318;
1.3639868230860273;
1.3640288700355099;
1.3640691381608925;
1.364106733172732;
1.3641417604901402;
1.3641750573007094;
1.3642073830166095;
1.3642391679604464;
1.3642708012968243;
1.3643026769951825;
1.3643348743255062;
1.3643671029585627;
1.3643989800576801;
1.364430233786639;
1.3644607304668317;
1.3644903588939963;
1.364518834166238;
1.3645457401712418;
