----------------------
:::::::::::::::::::::::::::::::::::::::::::::::::::::::::::::::::::::::::::::::
                                     Date and Time: 2025-03-31T02:55:50.905
:::::::::::::::::::::::::::::::::::::::::::::::::::::::::::::::::::::::::::::::
local boson: T = 1.0, alpha = 1.25, N_chain = 180, maxdim = 50, cutoff = -13, tau = 0.001, jump = 20, boson_dim = 9, omega = 5;
0.0;
0.9236081104893576;
3.519109144834547;
7.327091407183014;
11.763235320310445;
16.28335102136759;
20.486886570355118;
24.14388246659471;
27.16891205330483;
29.57460001192209;
31.42753201103538;
32.815654049760056;
33.82847473470928;
34.54694340855597;
35.03941461839893;
35.36131490881883;
35.55635145811001;
35.65838423695659;
35.69335730410286;
35.68089689692249;
35.635751312688754;
35.56897127377108;
35.48870343353939;
35.40098188723651;
35.31011627572178;
35.21923389991403;
35.13051010026676;
35.045431508031555;
34.96494081713204;
34.889573892369405;
34.81960924767521;
34.75512717764514;
34.69606471442319;
34.64226427605008;
34.59346937831547;
34.549397195477724;
34.5097384322738;
34.474185246559315;
34.442438375069;
34.4141954825204;
34.3891836888654;
34.36712802242926;
34.34775864261021;
34.33079667860916;
34.31598578034904;
34.30311359499527;
34.29202499163798;
34.28255668832519;
34.27454897713188;
34.26786269164534;
34.26234978898037;
34.257888447506225;
34.25437114144566;
34.25172035091203;
34.24984648744376;
34.24868115416501;
34.248118093105205;
34.248077761590444;
34.24850961718904;
34.249374250616015;
34.25062855031371;
34.25222574732285;
34.254124567733975;
34.25630153039255;
34.258728670108894;
34.261365468833446;
34.26417093119114;
34.26710282922748;
34.27016119678451;
34.27335186703598;
34.276684237077276;
34.28010231909706;
34.28356613384521;
34.287063775023306;
34.290617525312236;
34.294211706399885;
34.29783135383308;
34.30146523252696;
34.30510779736982;
34.30873388178256;
34.31232847918188;
34.31589703309044;
34.319434712108325;
34.32294119357333;
34.3264057515697;
34.32982113547987;
34.333182560932954;
34.336501389650195;
34.33978147387618;
34.34300650339162;
34.346156289885755;
34.34922487120507;
34.352216216330525;
34.35513812681997;
34.35800451691212;
34.36080687624972;
34.36352448186819;
34.366149965510495;
34.36868344964202;
34.37112343680234;
34.373444143532055;
34.375627951006834;
34.37768445690672;
34.379630824548975;
34.38147482964376;
34.38320397659886;
34.38483524912029;
34.38640489069607;
34.38791110316053;
34.38933275582268;
34.390655154666916;
34.391874327489916;
34.3929803900252;
34.39397696988154;
34.39484948533425;
34.395584410092745;
34.3961822249584;
34.396671513828366;
34.397071433299104;
34.39738738330168;
34.39760782069102;
34.397752356138874;
34.3978100447727;
34.39774731276383;
34.39754764243999;
34.397243436575394;
34.396865840285265;
34.39641304090661;
34.39587719976133;
34.39525573979838;
34.39454937198758;
34.39374076022836;
34.392805237872665;
