----------------------
:::::::::::::::::::::::::::::::::::::::::::::::::::::::::::::::::::::::::::::::
                                     Date and Time: 2025-03-29T17:01:53.135
:::::::::::::::::::::::::::::::::::::::::::::::::::::::::::::::::::::::::::::::
local boson: T = 1.0, alpha = 0.25, N_chain = 180, maxdim = 50, cutoff = -13, tau = 0.002, jump = 10, boson_dim = 8, omega = 5;
0.0;
0.0123733588715975;
0.048061558861083375;
0.10316474793193368;
0.1723105103958142;
0.24981296042060802;
0.33059440133284823;
0.4106868709840981;
0.48734597094904997;
0.5589153951362615;
0.6245841948282026;
0.6841341237085946;
0.7377256110631399;
0.7857368402914916;
0.8286525085130951;
0.8669920976096015;
0.9012667280910901;
0.9319553905228343;
0.9594936388289184;
0.9842698991444071;
1.0066261741462472;
1.0268610922484187;
1.0452340348271276;
1.0619695947619063;
1.0772619452980416;
1.0912788986732533;
1.1041655598556352;
1.116047551942064;
1.1270338306566219;
1.1372191148737891;
1.1466859640276634;
1.1555065413976333;
1.1637441157709316;
1.171454328034934;
1.1786862432156586;
1.185483246133476;
1.1918838238938092;
1.1979222233399178;
1.2036289895215153;
1.2090314244651394;
1.2141539686851839;
1.219018525420299;
1.223644759841414;
1.2280503770522386;
1.2322513674953868;
1.2362622095176712;
1.240096034060212;
1.2437647720074656;
1.2472792912688355;
1.2506494976161653;
1.2538843969347524;
1.2569921700351638;
1.259980246568421;
1.2628553904817934;
1.2656238296757243;
1.2682913581597797;
1.2708633618331426;
1.2733448185297416;
1.2757403097528914;
1.2780540351491876;
1.280289863215737;
1.2824514039245016;
1.2845420560884266;
1.2865650212586357;
1.2885232772969872;
1.290419584944572;
1.2922565577707712;
1.2940366734002868;
1.2957622210428785;
1.29743529498349;
1.2990578543488858;
1.300631770580976;
1.3021588314657608;
1.3036407567775115;
1.3050792077185542;
1.3064757540727623;
1.3078318842462595;
1.3091490762125073;
1.3104287979006728;
1.3116724215507107;
1.3128811807935674;
1.3140561686233625;
1.3151983249605288;
1.3163084938340255;
1.3173875340467844;
1.3184364028438162;
1.3194561980139219;
1.3204480675849801;
1.3214129904937173;
1.3223516820934194;
1.3232647510512177;
1.3241528914977965;
1.3250169022272085;
1.3258575971485618;
1.3266757582453614;
1.3274721512826941;
1.328247509924222;
1.3290024809247056;
1.3297376198334971;
1.3304534372620596;
1.331150427806375;
1.3318290618984128;
1.3324897261736102;
1.3331326960788061;
1.3337582527723593;
1.334366869550637;
1.3349592628132798;
1.3355362110794369;
1.33609837784356;
1.336646317151726;
1.3371805070684244;
1.3377012659962084;
1.3382087103320714;
1.3387029309857565;
1.3391842026220107;
1.3396529351031625;
1.3401095032910053;
1.3405542147598852;
1.3409874224457994;
1.3414096060909901;
1.3418213011697175;
1.342222958833374;
1.3426148687919481;
1.342997175228787;
1.343369953513795;
1.343733309836094;
1.3440874609943552;
1.3444326982308998;
1.3447692567030325;
1.3450973036460814;
1.3454170778674526;
1.3457289359670097;
1.3460332286135657;
1.3463302263095356;
1.346620116404181;
1.3469029911869295;
1.347178899747752;
1.3474479731064926;
1.3477104519350445;
1.3479665261073333;
1.3482162200491574;
1.3484595440513274;
1.3486966885825102;
1.3489279957853664;
1.3491537909721942;
1.3493742815355418;
1.3495896123467996;
1.3497999165647463;
1.3500053163473915;
1.3502059093429053;
1.3504017196674885;
1.3505927180031116;
1.350778960149436;
1.350960645848331;
1.3511380083884197;
1.351311167186347;
1.3514801091071507;
1.3516448244410508;
1.3518054275358558;
1.3519621425667916;
1.3521152009051804;
1.3522647670363412;
1.3524109062638947;
1.3525535416903476;
1.3526925124921625;
