----------------------
:::::::::::::::::::::::::::::::::::::::::::::::::::::::::::::::::::::::::::::::
                                     Date and Time: 2025-03-31T01:48:57.445
:::::::::::::::::::::::::::::::::::::::::::::::::::::::::::::::::::::::::::::::
local boson: T = 1.0, alpha = 0.25, N_chain = 180, maxdim = 50, cutoff = -13, tau = 0.002, jump = 10, boson_dim = 8, omega = 5;
0.0;
----------------------
:::::::::::::::::::::::::::::::::::::::::::::::::::::::::::::::::::::::::::::::
                                     Date and Time: 2025-03-31T01:52:20.310
:::::::::::::::::::::::::::::::::::::::::::::::::::::::::::::::::::::::::::::::
local boson: T = 1.0, alpha = 0.25, N_chain = 180, maxdim = 50, cutoff = -13, tau = 0.002, jump = 10, boson_dim = 8, omega = 5;
0.0;
0.18467587955857717;
0.7036532259360238;
1.4650762264653172;
2.3520888760085485;
3.2558504417463423;
4.096284504490471;
4.827508873135528;
5.432638061459962;
5.914458931664582;
6.286520982381289;
6.566619574460044;
6.7727771101502805;
6.921209947770603;
7.025551504456919;
7.096779050774948;
7.143482531786456;
7.172250445142596;
7.18806578505274;
7.194654810937186;
7.194786209203444;
7.190497725710085;
7.183278870587607;
7.174215737755697;
7.164083526657027;
7.153437463914553;
7.142663156060552;
7.1320273425561;
7.12170586280833;
7.111810780367118;
7.102408843787844;
7.09353335435072;
7.085196413673881;
7.077395467458683;
7.0701159244257825;
7.063339398117126;
7.057039917172711;
7.051191228071222;
7.045765127114554;
7.040733370157863;
7.036071044690972;
7.031749893985543;
7.027743472345292;
7.024025634633444;
7.020573552085828;
7.017366075112752;
7.014383562526032;
----------------------
:::::::::::::::::::::::::::::::::::::::::::::::::::::::::::::::::::::::::::::::
                                     Date and Time: 2025-03-31T01:58:16.345
:::::::::::::::::::::::::::::::::::::::::::::::::::::::::::::::::::::::::::::::
local boson: T = 1.0, alpha = 0.25, N_chain = 180, maxdim = 50, cutoff = -13, tau = 0.002, jump = 10, boson_dim = 8, omega = 5;
0.0;
0.1846764742890502;
0.7036578290095932;
1.4650901054658447;
2.3521179203426006;
3.2559002779260267;
4.096359811683314;
4.82761208384896;
5.432769108198574;
5.914615587100911;
6.286710873165789;
6.566841500918454;
6.773027509741457;
6.921488839990403;
7.025850665741345;
7.097096149826239;
7.143816865979715;
7.172603360236764;
7.1884369807717885;
7.1950453236082295;
7.195194901397238;
7.19092219881529;
7.183714355440434;
7.174660750486598;
7.164539983225052;
7.153899628854306;
7.143135646022201;
7.132510020096394;
7.122200065387843;
7.112319502884384;
7.1029339968069305;
7.094075064554363;
7.085756365052168;
7.077973569867686;
7.070709099490264;
7.063940426906962;
7.057650386070132;
7.051817817762206;
7.046412644457195;
7.04140238298203;
7.036757078488673;
7.032446212571388;
7.028447223288528;
7.0247433388739715;
7.02131284187911;
7.018136090800936;
7.015189421367135;
7.012443751164846;
7.009877120419658;
7.007471416045163;
7.005219558598131;
7.003110976051235;
7.001138020270343;
6.999295148103713;
6.997571492180702;
6.995954131676246;
6.994426585159205;
6.992976289940017;
6.991590686136249;
6.990266691126964;
6.989010206049521;
6.987818723546224;
6.986685488349185;
6.985605662667783;
6.9845720145243515;
6.983576454130637;
6.982613439214527;
6.981682391180298;
6.980778962964883;
6.979898282446312;
6.979041945916261;
6.978217948269416;
6.977428110159909;
6.976671794251532;
6.975948627124334;
6.975253411247256;
6.974582182368859;
6.9739332000221586;
6.973302037367654;
6.972679307050607;
6.972056114767095;
6.97142869723806;
6.970799900869348;
6.970181267197287;
6.969590397757516;
6.96903331505554;
6.968500965289284;
6.967978277305161;
6.96746176677357;
6.966955121779537;
6.966464504406431;
6.965994897733013;
6.9655451347103625;
6.9651059581696435;
6.964675555456179;
6.964256719685384;
6.963848509906551;
6.963444906683369;
6.963042914547551;
6.962651218707988;
6.9622808406238015;
6.961924779909182;
6.961566461946928;
6.961203451353139;
6.96084158564156;
6.960476897887688;
6.960112400787614;
6.959761232316214;
6.959431843239371;
6.9591209962084415;
6.958821804828402;
6.95853243637775;
6.958261712176675;
6.9580157714442405;
6.95778731453847;
6.957569111909761;
6.9573471773477795;
6.957101197491081;
6.95682048849823;
6.956525590703775;
6.956242125615084;
6.95597998993408;
6.955739041816979;
6.955519719475555;
6.955326658915783;
6.955160410588507;
6.955004831891019;
6.954836710019626;
6.954645864354916;
6.954450949126517;
6.954273765738983;
6.954108377005818;
6.953938393167066;
6.953762877123783;
6.953590306654075;
6.953416211136313;
6.953234448857984;
6.9530501443258315;
6.952870720490217;
6.952701746212503;
6.95255228405909;
6.952428753121437;
6.9523264556876745;
6.952232582239061;
6.9521317717956235;
6.952012197678032;
6.951878253582818;
6.9517447556999965;
6.951622794741798;
6.951508592489625;
6.951391404619831;
6.951270330968463;
6.951151923386433;
6.951039443823153;
6.950930465715045;
6.950819826443791;
6.95070803290005;
6.9505992997638835;
6.950494700920068;
6.950395275784404;
6.950300544588526;
Date and Time: 2025-03-31T02:31:34.389
Output: local boson: T = 1.0, alpha = 0.25, N_chain = 180, maxdim = 50, cutoff = -13, tau = 0.002, jump = 10, boson_dim = 8, omega = 5
[0.0, 0.1846764742890502, 0.7036578290095932, 1.4650901054658447, 2.3521179203426006, 3.2559002779260267, 4.096359811683314, 4.82761208384896, 5.432769108198574, 5.914615587100911, 6.286710873165789, 6.566841500918454, 6.773027509741457, 6.921488839990403, 7.025850665741345, 7.097096149826239, 7.143816865979715, 7.172603360236764, 7.1884369807717885, 7.1950453236082295, 7.195194901397238, 7.19092219881529, 7.183714355440434, 7.174660750486598, 7.164539983225052, 7.153899628854306, 7.143135646022201, 7.132510020096394, 7.122200065387843, 7.112319502884384, 7.1029339968069305, 7.094075064554363, 7.085756365052168, 7.077973569867686, 7.070709099490264, 7.063940426906962, 7.057650386070132, 7.051817817762206, 7.046412644457195, 7.04140238298203, 7.036757078488673, 7.032446212571388, 7.028447223288528, 7.0247433388739715, 7.02131284187911, 7.018136090800936, 7.015189421367135, 7.012443751164846, 7.009877120419658, 7.007471416045163, 7.005219558598131, 7.003110976051235, 7.001138020270343, 6.999295148103713, 6.997571492180702, 6.995954131676246, 6.994426585159205, 6.992976289940017, 6.991590686136249, 6.990266691126964, 6.989010206049521, 6.987818723546224, 6.986685488349185, 6.985605662667783, 6.9845720145243515, 6.983576454130637, 6.982613439214527, 6.981682391180298, 6.980778962964883, 6.979898282446312, 6.979041945916261, 6.978217948269416, 6.977428110159909, 6.976671794251532, 6.975948627124334, 6.975253411247256, 6.974582182368859, 6.9739332000221586, 6.973302037367654, 6.972679307050607, 6.972056114767095, 6.97142869723806, 6.970799900869348, 6.970181267197287, 6.969590397757516, 6.96903331505554, 6.968500965289284, 6.967978277305161, 6.96746176677357, 6.966955121779537, 6.966464504406431, 6.965994897733013, 6.9655451347103625, 6.9651059581696435, 6.964675555456179, 6.964256719685384, 6.963848509906551, 6.963444906683369, 6.963042914547551, 6.962651218707988, 6.9622808406238015, 6.961924779909182, 6.961566461946928, 6.961203451353139, 6.96084158564156, 6.960476897887688, 6.960112400787614, 6.959761232316214, 6.959431843239371, 6.9591209962084415, 6.958821804828402, 6.95853243637775, 6.958261712176675, 6.9580157714442405, 6.95778731453847, 6.957569111909761, 6.9573471773477795, 6.957101197491081, 6.95682048849823, 6.956525590703775, 6.956242125615084, 6.95597998993408, 6.955739041816979, 6.955519719475555, 6.955326658915783, 6.955160410588507, 6.955004831891019, 6.954836710019626, 6.954645864354916, 6.954450949126517, 6.954273765738983, 6.954108377005818, 6.953938393167066, 6.953762877123783, 6.953590306654075, 6.953416211136313, 6.953234448857984, 6.9530501443258315, 6.952870720490217, 6.952701746212503, 6.95255228405909, 6.952428753121437, 6.9523264556876745, 6.952232582239061, 6.9521317717956235, 6.952012197678032, 6.951878253582818, 6.9517447556999965, 6.951622794741798, 6.951508592489625, 6.951391404619831, 6.951270330968463, 6.951151923386433, 6.951039443823153, 6.950930465715045, 6.950819826443791, 6.95070803290005, 6.9505992997638835, 6.950494700920068, 6.950395275784404, 6.950300544588526]
----------------------
----------------------
:::::::::::::::::::::::::::::::::::::::::::::::::::::::::::::::::::::::::::::::
                                     Date and Time: 2025-03-31T02:42:29.830
:::::::::::::::::::::::::::::::::::::::::::::::::::::::::::::::::::::::::::::::
local boson: T = 1.0, alpha = 0.25, N_chain = 180, maxdim = 50, cutoff = -13, tau = 0.001, jump = 20, boson_dim = 8, omega = 5;
0.0;
0.18472159293496795;
0.7038210730499649;
1.4654051109919708;
2.3525887634206732;
3.2565294896632118;
4.097169830397261;
4.828652972040801;
5.434112299860726;
5.916342317075643;
6.28890310371468;
6.569587207352297;
6.776411467627592;
6.925558144068316;
7.030642016816276;
7.102630646207736;
7.150089869008549;
7.179609747533962;
7.196169071975891;
7.203490640135063;
7.20434004535902;
7.200745090541646;
7.194191064052061;
7.185758458017764;
7.176225591470475;
7.166135844658365;
7.155900138118315;
7.14578831240101;
7.135965556781368;
