----------------------
:::::::::::::::::::::::::::::::::::::::::::::::::::::::::::::::::::::::::::::::
                                     Date and Time: 2025-04-03T02:41:16.837
:::::::::::::::::::::::::::::::::::::::::::::::::::::::::::::::::::::::::::::::
tunnel boson: T = 1.0, alpha = 1.25, N_chain = 180, maxdim = 50, cutoff = -13, tau = 0.001, jump = 20, boson_dim = 10, omega = 5;
0.0;
0.923637558434161;
3.5195220577786173;
7.328750461470241;
11.76697750808028;
16.289090524003413;
20.49303338574639;
24.147417668736622;
27.166073010478215;
29.561785769537753;
31.401925705082938;
32.77568428753279;
33.77389506746122;
34.47864033235807;
34.95920693225655;
35.271617358547715;
35.45988402611498;
35.55789778340592;
35.591379461734654;
35.57963487739611;
35.53702470111105;
35.4741446264211;
35.39874857866294;
35.316458583291976;
35.231304594723255;
35.14613147390061;
35.0629070247658;
34.98295314775068;
34.907111199847066;
34.83587784684465;
34.76949912133524;
34.708041903722886;
34.65144725476537;
34.59956994825368;
34.55220961411245;
34.50913297887971;
34.47008453547973;
34.43480290551558;
34.403026925137134;
34.374499787981826;
34.34897082533548;
34.32620338893104;
34.30597340036863;
34.288065854984275;
34.27228292188872;
34.25844181419191;
34.24636977812388;
34.23590894871377;
34.22691167134605;
34.21924523465514;
34.21278628705623;
34.20742169080209;
34.20304387098441;
34.19956038981206;
34.196882270956905;
34.19493199560955;
34.19363713278674;
34.1929290954;
34.1927514610649;
34.193049990438986;
34.19377479423876;
34.19488034941904;
34.19632397149959;
34.19807049503824;
34.20008462168702;
34.20233501945953;
34.20479402468274;
34.20743737593414;
34.21024261481711;
34.213186981947416;
34.216254687661724;
34.21943536801968;
34.22271112387533;
34.22605785093228;
34.229454461743586;
34.23288983258454;
34.2363688076159;
34.23987762584304;
34.24339722331266;
34.24690917391704;
34.25040412956771;
34.25389337742365;
34.25737117722322;
34.2608230794408;
34.26423296498916;
34.26759833470408;
34.27091665879824;
34.27419319827114;
34.27743212904695;
34.28062231967508;
34.28373719051673;
34.28676151213039;
34.2897008624103;
34.29256684102698;
34.29536057410606;
34.29807834420879;
34.30070893018096;
34.30324179462615;
34.30568065009599;
34.308031354562935;
34.31028976376514;
34.31244308710416;
34.31447860896661;
34.31639807852512;
34.31822134121072;
34.319957432526785;
34.32159326655022;
34.32310548222719;
34.324480860276104;
34.32572591975714;
34.32685683388246;
34.32788127460873;
34.32879908008799;
34.329605721174886;
34.33028974351071;
34.33085623503068;
34.331315939727304;
34.331676867244056;
34.3319282982244;
34.33205342740743;
34.33204993938847;
34.33193095935939;
34.33171529578845;
34.331409001376755;
34.33101001564514;
34.3305057674157;
34.329891677632105;
34.329170585043315;
34.32834071452871;
34.32739720928947;
34.326338691988504;
34.32517872443058;
34.323925624581896;
34.322588572791545;
34.32115820787483;
34.31962989582747;
34.3180110912772;
34.31631940049746;
34.31455737826949;
34.312725169792685;
34.3107939261787;
34.30875785310541;
34.30662568164556;
34.304421706390215;
34.30216613716368;
34.29986662036449;
34.29751583287876;
34.29511503165824;
34.292655442690915;
34.290134332380696;
34.28755753590971;
34.284922474636;
34.28224509687376;
34.279512425920345;
34.27672885171655;
34.2738967367369;
34.27100336202248;
34.268054887681394;
34.265083828697584;
34.26211654151418;
34.25915435928597;
34.25618846819055;
34.25317435518217;
34.25010777050103;
34.247000256048324;
34.2438775336168;
34.240750839798416;
34.23761951515086;
34.234482025967566;
34.23132415800738;
34.22814786463654;
34.22495672185123;
34.22175544792597;
34.21853801665762;
34.21530186062723;
34.2120622261512;
34.20882311162482;
34.205606104067485;
34.20241379970427;
34.19924551911169;
34.19610808375372;
34.19298211819283;
34.189848844527695;
34.18670893122833;
34.18355901368581;
34.1803891195816;
34.17722056614691;
34.17405221555523;
34.17091818728671;
34.16782047164814;
34.16475466698957;
34.16171649063913;
34.15869076641337;
34.155688658386644;
34.152716169167014;
34.149786332688294;
34.14688491101877;
34.144009182418436;
34.14114481980509;
34.13830185252808;
34.13548427050802;
34.132704894106766;
34.12996578252357;
34.12725317591015;
34.12456176230396;
34.12188247422487;
34.119205439392694;
34.116531881643546;
34.11387825561514;
34.11125638726412;
34.10870113321842;
Date and Time: 2025-04-03T03:10:59.856
Output: tunnel boson: T = 1.0, alpha = 1.25, N_chain = 180, maxdim = 50, cutoff = -13, tau = 0.001, jump = 20, boson_dim = 10, omega = 5
[0.0, 0.923637558434161, 3.5195220577786173, 7.328750461470241, 11.76697750808028, 16.289090524003413, 20.49303338574639, 24.147417668736622, 27.166073010478215, 29.561785769537753, 31.401925705082938, 32.77568428753279, 33.77389506746122, 34.47864033235807, 34.95920693225655, 35.271617358547715, 35.45988402611498, 35.55789778340592, 35.591379461734654, 35.57963487739611, 35.53702470111105, 35.4741446264211, 35.39874857866294, 35.316458583291976, 35.231304594723255, 35.14613147390061, 35.0629070247658, 34.98295314775068, 34.907111199847066, 34.83587784684465, 34.76949912133524, 34.708041903722886, 34.65144725476537, 34.59956994825368, 34.55220961411245, 34.50913297887971, 34.47008453547973, 34.43480290551558, 34.403026925137134, 34.374499787981826, 34.34897082533548, 34.32620338893104, 34.30597340036863, 34.288065854984275, 34.27228292188872, 34.25844181419191, 34.24636977812388, 34.23590894871377, 34.22691167134605, 34.21924523465514, 34.21278628705623, 34.20742169080209, 34.20304387098441, 34.19956038981206, 34.196882270956905, 34.19493199560955, 34.19363713278674, 34.1929290954, 34.1927514610649, 34.193049990438986, 34.19377479423876, 34.19488034941904, 34.19632397149959, 34.19807049503824, 34.20008462168702, 34.20233501945953, 34.20479402468274, 34.20743737593414, 34.21024261481711, 34.213186981947416, 34.216254687661724, 34.21943536801968, 34.22271112387533, 34.22605785093228, 34.229454461743586, 34.23288983258454, 34.2363688076159, 34.23987762584304, 34.24339722331266, 34.24690917391704, 34.25040412956771, 34.25389337742365, 34.25737117722322, 34.2608230794408, 34.26423296498916, 34.26759833470408, 34.27091665879824, 34.27419319827114, 34.27743212904695, 34.28062231967508, 34.28373719051673, 34.28676151213039, 34.2897008624103, 34.29256684102698, 34.29536057410606, 34.29807834420879, 34.30070893018096, 34.30324179462615, 34.30568065009599, 34.308031354562935, 34.31028976376514, 34.31244308710416, 34.31447860896661, 34.31639807852512, 34.31822134121072, 34.319957432526785, 34.32159326655022, 34.32310548222719, 34.324480860276104, 34.32572591975714, 34.32685683388246, 34.32788127460873, 34.32879908008799, 34.329605721174886, 34.33028974351071, 34.33085623503068, 34.331315939727304, 34.331676867244056, 34.3319282982244, 34.33205342740743, 34.33204993938847, 34.33193095935939, 34.33171529578845, 34.331409001376755, 34.33101001564514, 34.3305057674157, 34.329891677632105, 34.329170585043315, 34.32834071452871, 34.32739720928947, 34.326338691988504, 34.32517872443058, 34.323925624581896, 34.322588572791545, 34.32115820787483, 34.31962989582747, 34.3180110912772, 34.31631940049746, 34.31455737826949, 34.312725169792685, 34.3107939261787, 34.30875785310541, 34.30662568164556, 34.304421706390215, 34.30216613716368, 34.29986662036449, 34.29751583287876, 34.29511503165824, 34.292655442690915, 34.290134332380696, 34.28755753590971, 34.284922474636, 34.28224509687376, 34.279512425920345, 34.27672885171655, 34.2738967367369, 34.27100336202248, 34.268054887681394, 34.265083828697584, 34.26211654151418, 34.25915435928597, 34.25618846819055, 34.25317435518217, 34.25010777050103, 34.247000256048324, 34.2438775336168, 34.240750839798416, 34.23761951515086, 34.234482025967566, 34.23132415800738, 34.22814786463654, 34.22495672185123, 34.22175544792597, 34.21853801665762, 34.21530186062723, 34.2120622261512, 34.20882311162482, 34.205606104067485, 34.20241379970427, 34.19924551911169, 34.19610808375372, 34.19298211819283, 34.189848844527695, 34.18670893122833, 34.18355901368581, 34.1803891195816, 34.17722056614691, 34.17405221555523, 34.17091818728671, 34.16782047164814, 34.16475466698957, 34.16171649063913, 34.15869076641337, 34.155688658386644, 34.152716169167014, 34.149786332688294, 34.14688491101877, 34.144009182418436, 34.14114481980509, 34.13830185252808, 34.13548427050802, 34.132704894106766, 34.12996578252357, 34.12725317591015, 34.12456176230396, 34.12188247422487, 34.119205439392694, 34.116531881643546, 34.11387825561514, 34.11125638726412, 34.10870113321842]
----------------------
