----------------------
:::::::::::::::::::::::::::::::::::::::::::::::::::::::::::::::::::::::::::::::
                                     Date and Time: 2025-04-03T02:41:16.829
:::::::::::::::::::::::::::::::::::::::::::::::::::::::::::::::::::::::::::::::
tunnel boson: T = 1.0, alpha = 1.25, N_chain = 180, maxdim = 50, cutoff = -13, tau = 0.001, jump = 20, boson_dim = 10, omega = 5;
0.0;
0.06187814819692065;
0.24037337143317883;
0.5160325102065045;
0.8620338931177381;
1.2499517600014836;
1.654349005494598;
2.0552889177491656;
2.4389219205358077;
2.7968300023313075;
3.1248317456329975;
3.4217313465326016;
3.688254279337413;
3.9262434971731364;
4.1381008247109055;
4.326424262746213;
4.493787688715419;
4.642617555264154;
4.775132361149587;
4.893320859872187;
4.99894293511605;
5.093542803335784;
5.1784681247134055;
5.254891180247222;
5.323829925357515;
5.386167752793294;
5.442671447230216;
5.494007125382661;
5.5407541681491645;
5.583417369014459;
5.62243735585171;
5.658199556918617;
5.691041877302609;
5.721261233647258;
5.749119148795569;
5.774846526087511;
5.798647690670468;
5.820703885404212;
5.84117622948932;
5.860208256648544;
5.8779280919649874;
5.894450363616933;
5.90987778658447;
5.924302552043805;
5.937807598892615;
5.950467640763206;
5.9623500655071;
5.973515781226601;
5.984019881739112;
5.993912325648669;
6.003238450338991;
6.012039456880355;
6.020352818904998;
6.028212712117112;
6.035650301883301;
6.042694096832721;
6.049370160817352;
6.055702366740541;
6.061712657962916;
6.06742118016537;
6.072846471791983;
6.078005610420073;
6.082914371050958;
6.087587351834332;
6.092038048960459;
6.096278972412637;
6.100321762314857;
6.104177243610045;
6.107855500461022;
6.111365930739341;
6.114717338614083;
6.11791796965433;
6.120975535802522;
6.123897346600348;
6.1266902250328945;
6.129360599701078;
6.131914585507845;
6.134357949037315;
6.136696173321;
6.138934469405826;
6.141077761513732;
6.143130764492116;
6.145097984366865;
6.146983717895402;
6.148792093875298;
6.150527089484881;
6.1521924542691755;
6.153791830139056;
6.155328738327083;
6.156806573029996;
6.158228577136908;
6.159597893848404;
6.160917582841548;
6.162190600321428;
6.163419773107419;
6.1646078732490155;
6.165757586973722;
6.166871504555516;
6.167952172051086;
6.169002045240088;
6.1700234972247845;
6.171018854252048;
6.1719903582588;
6.172940184601741;
6.173870482143817;
6.174783316802083;
6.175680714120712;
6.176564644317652;
6.177437015465929;
6.178299683155588;
6.179154470797384;
6.180003146148359;
6.180847447481061;
6.181689064794901;
6.182529604528677;
6.183370664140713;
6.184213761921499;
6.185060400743062;
6.185912021239643;
6.186770011635431;
6.187635745216003;
6.188510507701878;
6.1893955773442775;
6.190292190420139;
6.191201544920003;
6.192124764209449;
6.193062953980463;
6.194017177218115;
6.194988455719526;
6.195977777943815;
6.196986083713041;
6.198014285427714;
6.199063228271261;
6.200133765596395;
6.201226670832631;
6.2023426688186545;
6.203482462916768;
6.204646718480294;
6.2058360648786195;
6.207051121454933;
6.208292436993145;
6.209560567535275;
6.210855992492473;
6.212179183336989;
6.213530616511484;
6.214910688986982;
6.216319800484072;
6.217758321420777;
6.219226552870265;
6.220724807517268;
6.222253377266122;
6.223812480326919;
6.2254023415904856;
6.227023134598958;
6.228675002493857;
6.23035809432528;
6.232072506376216;
6.233818281470873;
6.235595453639098;
6.237404026201556;
6.239243998184305;
6.241115336056748;
6.243017976109979;
6.244951845386935;
6.246916841728985;
6.2489128777192855;
6.25093985164897;
6.252997605290678;
6.255085989793163;
6.2572048453972124;
6.259354013305246;
6.261533343275809;
6.263742650626576;
6.265981736524971;
6.268250360556637;
6.270548310260032;
6.272875385056448;
6.275231299789337;
6.277615777963488;
6.280028555215636;
6.282469329566753;
6.284937825472811;
6.287433732807645;
6.289956730042947;
6.292506480922542;
6.29508263723938;
6.2976848653901945;
6.300312832888975;
6.302966217992863;
6.30564467799312;
6.3083478804329935;
6.311075521568736;
6.313827235711594;
6.3166026600164304;
6.319401451346664;
6.322223244499344;
6.325067673118727;
6.327934351754112;
6.330822864808397;
6.333732844599354;
6.336663894698617;
6.339615633015585;
6.342587672203884;
6.3455795605735865;
6.348590894772711;
6.351621263257262;
6.354670264458253;
6.357737475761431;
6.360822454680494;
6.363924857923829;
6.367044437088204;
Date and Time: 2025-04-03T03:10:59.856
Output: tunnel boson: T = 1.0, alpha = 1.25, N_chain = 180, maxdim = 50, cutoff = -13, tau = 0.001, jump = 20, boson_dim = 10, omega = 5
[0.0, 0.06187814819692065, 0.24037337143317883, 0.5160325102065045, 0.8620338931177381, 1.2499517600014836, 1.654349005494598, 2.0552889177491656, 2.4389219205358077, 2.7968300023313075, 3.1248317456329975, 3.4217313465326016, 3.688254279337413, 3.9262434971731364, 4.1381008247109055, 4.326424262746213, 4.493787688715419, 4.642617555264154, 4.775132361149587, 4.893320859872187, 4.99894293511605, 5.093542803335784, 5.1784681247134055, 5.254891180247222, 5.323829925357515, 5.386167752793294, 5.442671447230216, 5.494007125382661, 5.5407541681491645, 5.583417369014459, 5.62243735585171, 5.658199556918617, 5.691041877302609, 5.721261233647258, 5.749119148795569, 5.774846526087511, 5.798647690670468, 5.820703885404212, 5.84117622948932, 5.860208256648544, 5.8779280919649874, 5.894450363616933, 5.90987778658447, 5.924302552043805, 5.937807598892615, 5.950467640763206, 5.9623500655071, 5.973515781226601, 5.984019881739112, 5.993912325648669, 6.003238450338991, 6.012039456880355, 6.020352818904998, 6.028212712117112, 6.035650301883301, 6.042694096832721, 6.049370160817352, 6.055702366740541, 6.061712657962916, 6.06742118016537, 6.072846471791983, 6.078005610420073, 6.082914371050958, 6.087587351834332, 6.092038048960459, 6.096278972412637, 6.100321762314857, 6.104177243610045, 6.107855500461022, 6.111365930739341, 6.114717338614083, 6.11791796965433, 6.120975535802522, 6.123897346600348, 6.1266902250328945, 6.129360599701078, 6.131914585507845, 6.134357949037315, 6.136696173321, 6.138934469405826, 6.141077761513732, 6.143130764492116, 6.145097984366865, 6.146983717895402, 6.148792093875298, 6.150527089484881, 6.1521924542691755, 6.153791830139056, 6.155328738327083, 6.156806573029996, 6.158228577136908, 6.159597893848404, 6.160917582841548, 6.162190600321428, 6.163419773107419, 6.1646078732490155, 6.165757586973722, 6.166871504555516, 6.167952172051086, 6.169002045240088, 6.1700234972247845, 6.171018854252048, 6.1719903582588, 6.172940184601741, 6.173870482143817, 6.174783316802083, 6.175680714120712, 6.176564644317652, 6.177437015465929, 6.178299683155588, 6.179154470797384, 6.180003146148359, 6.180847447481061, 6.181689064794901, 6.182529604528677, 6.183370664140713, 6.184213761921499, 6.185060400743062, 6.185912021239643, 6.186770011635431, 6.187635745216003, 6.188510507701878, 6.1893955773442775, 6.190292190420139, 6.191201544920003, 6.192124764209449, 6.193062953980463, 6.194017177218115, 6.194988455719526, 6.195977777943815, 6.196986083713041, 6.198014285427714, 6.199063228271261, 6.200133765596395, 6.201226670832631, 6.2023426688186545, 6.203482462916768, 6.204646718480294, 6.2058360648786195, 6.207051121454933, 6.208292436993145, 6.209560567535275, 6.210855992492473, 6.212179183336989, 6.213530616511484, 6.214910688986982, 6.216319800484072, 6.217758321420777, 6.219226552870265, 6.220724807517268, 6.222253377266122, 6.223812480326919, 6.2254023415904856, 6.227023134598958, 6.228675002493857, 6.23035809432528, 6.232072506376216, 6.233818281470873, 6.235595453639098, 6.237404026201556, 6.239243998184305, 6.241115336056748, 6.243017976109979, 6.244951845386935, 6.246916841728985, 6.2489128777192855, 6.25093985164897, 6.252997605290678, 6.255085989793163, 6.2572048453972124, 6.259354013305246, 6.261533343275809, 6.263742650626576, 6.265981736524971, 6.268250360556637, 6.270548310260032, 6.272875385056448, 6.275231299789337, 6.277615777963488, 6.280028555215636, 6.282469329566753, 6.284937825472811, 6.287433732807645, 6.289956730042947, 6.292506480922542, 6.29508263723938, 6.2976848653901945, 6.300312832888975, 6.302966217992863, 6.30564467799312, 6.3083478804329935, 6.311075521568736, 6.313827235711594, 6.3166026600164304, 6.319401451346664, 6.322223244499344, 6.325067673118727, 6.327934351754112, 6.330822864808397, 6.333732844599354, 6.336663894698617, 6.339615633015585, 6.342587672203884, 6.3455795605735865, 6.348590894772711, 6.351621263257262, 6.354670264458253, 6.357737475761431, 6.360822454680494, 6.363924857923829, 6.367044437088204]
----------------------
