----------------------
:::::::::::::::::::::::::::::::::::::::::::::::::::::::::::::::::::::::::::::::
                                     Date and Time: 2025-01-22T15:56:26.570
:::::::::::::::::::::::::::::::::::::::::::::::::::::::::::::::::::::::::::::::
local boson: T = 1, alpha = 1.5, N_chain = 160, maxdim = 80, cutoff = -12, tau = 0.002, boson_dim = 12;
0.49978585960979766;
0.49915095960749534;
0.4981103395421587;
0.4966933391700836;
0.4949286034443739;
0.4928499908033682;
0.4904886260488296;
0.4878695450201041;
0.4850164216300303;
0.4819458147524149;
0.4786764380994846;
0.47522183635788784;
0.47159315694947307;
0.46779986469897433;
0.46385010394018716;
0.4597506919074199;
0.4555088530503574;
0.4511308678060248;
0.4466233053638328;
0.4419913817272011;
0.4372408929768938;
0.4323780631417852;
0.4274091920209781;
0.4223402900871176;
0.4171768117155908;
0.4119218003880709;
0.4065844719157783;
0.40117171690561476;
0.39568990792868375;
0.3901455420685024;
0.38454521149893894;
0.37889518993929855;
0.3732021274543679;
0.3674723522431187;
0.36171275505585054;
0.3559295604214334;
0.35012932207951714;
0.3443184708252598;
0.3385029056260067;
0.33268858453557104;
0.32688118425667445;
0.3210865950252115;
0.3153131190472195;
0.30956606112300605;
0.30385041554468994;
0.298170356181937;
0.29253282575434125;
0.2869418344542014;
0.2814029331123582;
0.2759211022087666;
0.2704990002901386;
0.26513995001822327;
0.25985101133260946;
0.2546351614417567;
0.24949442391963228;
0.2444332613131969;
0.23945496336471622;
0.23456340187271646;
0.22976078199419556;
0.22505044185044695;
0.22043530372763798;
0.21591754714466038;
0.2114995595327022;
0.20718396070240372;
0.20297110554359307;
0.19886271197328026;
0.19486009398944926;
0.19096174834525054;
0.18717101247373968;
0.18348966864634567